MCODE,MPOSTER,MSCORE,NCODE,MTITLE
20172661,158470.jpg,4.50,158470,파이널 임팩트
20172641,159525.jpg,9.85,159525,마리안느와 마가렛
20172624,141301.jpg,0.00,141301,New Era
20172621,162168.jpg,0.00,162168,틈
20172607,154779.jpg,10.00,154779,그루잠
20172606,139385.jpg,0.00,139385,플라스틱 러브
20172604,144158.jpg,7.22,144158,미씽 차일드
20172603,160749.jpg,9.83,160749,부라더
20172602,135874.jpg,9.27,135874,홈
20172601,161006.jpg,8.44,161006,만담강호
20172581,159527.jpg,0.00,159527,잔다르크
20172561,140224.jpg,6.00,140224,인디그네이션
20172541,125447.jpg,8.29,125447,오두막
20172521,29826.jpg,0.00,29826,자유로
20172504,87862.jpg,0.00,87862,손의 무게
20172501,154920.jpg,0.00,154920,열쇠
20172483,160985.jpg,0.00,160985,19금 특별한 정사 무삭제 특별판
20172482,158897.jpg,4.89,158897,청불학원
20172481,139801.jpg,0.00,139801,대지와 그늘
20172463,148458.jpg,5.00,148458,밤임에도 불구하고
20172462,154963.jpg,0.00,154963,타앙-경계의 사람들
20172461,142879.jpg,1.00,142879,겨울노래
20172444,29014.jpg,0.00,29014,밤으로의 긴 여로
20172442,159540.jpg,10.00,159540,이웃집 여자의 신음
20172441,159538.jpg,0.00,159538,부정한 아내들
20172423,159539.jpg,0.00,159539,바람난 부부: 같은 아파트 주민
20172422,159526.jpg,0.00,159526,아내의 음란한 사생활
20172401,160922.jpg,5.04,160922,왕을 참하라
20172381,160944.jpg,9.57,160944,"다시, 벚꽃"
20172367,128446.jpg,0.00,128446,기념사진
20172366,158266.jpg,8.28,158266,괴물
20172362,137117.jpg,10.00,137117,기항지
20172341,159434.jpg,0.00,159434,하이디
20172332,111126.jpg,0.00,111126,무용수
20172326,127865.jpg,7.38,127865,폴른
20172325,17113.jpg,5.00,17113,타이거 케이지 3
20172324,129580.jpg,8.00,129580,샤갈-말레비치
20172322,146315.jpg,0.00,146315,대당현장
20172307,158094.jpg,6.76,158094,쿵푸 요가
20172306,31600.jpg,9.13,31600,정무문 2: 신정무문
20172305,126055.jpg,10.00,126055,달나라에 사는 여인
20172304,48625.jpg,0.00,48625,나는 스무 살
20172302,145657.jpg,0.00,145657,모자 상자를 든 소녀
20172301,29429.jpg,0.00,29429,미스터 웨스트의 신나는 모험
20172281,153609.jpg,6.50,153609,제트스톰 2: 승부조작단
20172263,159515.jpg,7.85,159515,더 레이싱 : 이너셜 드리프트
20172242,142247.jpg,0.00,142247,엘로이즈
20172241,159521.jpg,10.00,159521,꼬마돼지 베이브의 대모험
20172221,105958.jpg,7.50,105958,죽은자의 시간
20172183,60834.jpg,7.00,60834,원스 인 어 라이프타임
20172163,160923.jpg,0.00,160923,신연식이 수주와 파리로 간 까닭은? - 신연식 단편선
20172162,151132.jpg,7.71,151132,소드 마스터: 절대강호의 죽음
20172161,153621.jpg,9.12,153621,댄서
20172141,130911.jpg,6.10,130911,비밀규칙
20172125,137976.jpg,8.75,137976,파운더
20172124,146566.jpg,0.00,146566,메이플소프
20172123,161596.jpg,0.00,161596,레드 스카이
20172102,147845.jpg,9.00,147845,스톰 인사이드
20172101,137029.jpg,5.50,137029,더블유엠디: 대량살상무기
20172041,70391.jpg,8.50,70391,낙동강전투: 최후의 고지전
20172029,156971.jpg,0.00,156971,광부 이야기
20172028,156970.jpg,0.00,156970,늙은 악사 이야기
20172027,156969.jpg,0.00,156969,데이지
20172026,156968.jpg,0.00,156968,근시
20172024,156964.jpg,0.00,156964,하루의 음식
20172023,156963.jpg,0.00,156963,애도
20172022,156962.jpg,0.00,156962,늙은 곰
20172021,149645.jpg,7.86,149645,안녕
20172004,152904.jpg,0.00,152904,퇴근 후
20172003,156965.jpg,0.00,156965,검지 마을
20172002,149078.jpg,6.70,149078,64 파트 1
20172001,160990.jpg,5.55,160990,파워캐치 완다: 버그본의 지구 습격
20171981,124296.jpg,5.11,124296,비전스
20171961,158757.jpg,0.00,158757,완숙 엄마: 아버지의 여자
20171922,159558.jpg,10.00,159558,옆집새댁
20171921,159557.jpg,9.33,159557,단발머리
20171908,150855.jpg,0.00,150855,비포 러브
20171907,156960.jpg,0.00,156960,과감한 실행
20171906,156959.jpg,0.00,156959,하이퍼트레인
20171905,156958.jpg,0.00,156958,애니 로드
20171904,156957.jpg,0.00,156957,"안녕, 발타자르"
20171903,140445.jpg,0.00,140445,헤르만과 같이 살기
20171902,156956.jpg,0.00,156956,투명성
20171901,148869.jpg,0.00,148869,0458번 벤치
20171884,155185.jpg,0.00,155185,비곤 둘 케어 2015
20171883,147964.jpg,0.00,147964,브로큰
20171882,150444.jpg,0.00,150444,삶은 어려워
20171881,156955.jpg,0.00,156955,투노칼립스
20171861,147948.jpg,10.00,147948,사랑에 빠진 여자
20171848,100687.jpg,10.00,100687,미국에서 온 손자
20171847,149168.jpg,4.16,149168,엔드게임
20171846,158710.jpg,1.00,158710,울프 타운
20171844,151086.jpg,0.00,151086,여행하는 나라
20171843,121837.jpg,8.63,121837,그곳에서만 빛난다
20171842,143768.jpg,8.29,143768,소곤소곤 별
20171841,140285.jpg,8.00,140285,파파 헤밍웨이 인 쿠바
20171824,146826.jpg,0.00,146826,페리페리아
20171823,156954.jpg,0.00,156954,물랑 루즈
20171822,140564.jpg,0.00,140564,인형의 노래
20171815,146212.jpg,8.50,146212,수부라 게이트
20171814,158775.jpg,5.09,158775,무림지존: 천하제일검
20171813,148188.jpg,0.00,148188,웰컴 투 마이 라이프
20171812,159552.jpg,3.43,159552,쥬라기 파크: 아마존 어드벤쳐
20171811,151081.jpg,0.00,151081,그들이 믿는 것
20171810,146609.jpg,0.00,146609,어둠의 외투
20171809,140606.jpg,4.44,140606,테이큰 비긴즈
20171808,147902.jpg,0.00,147902,블라인드 바이샤
20171806,155823.jpg,0.00,155823,미스터 샌드
20171805,160579.jpg,0.00,160579,발코니
20171804,156953.jpg,0.00,156953,"뉴욕타임즈 ""모던 러브 -유예된 키스"""
20171803,147133.jpg,0.00,147133,권력의 성찰
20171801,160750.jpg,8.54,160750,극장판 암살교실 : 365일의 시간
20171781,149731.jpg,8.94,149731,패트리어트 데이
20171761,53291.jpg,3.95,53291,악마의 무덤
20171733,161333.jpg,0.00,161333,수업
20171731,137971.jpg,8.45,137971,더스트
20171730,151429.jpg,0.00,151429,소시오패스
20171729,155898.jpg,0.00,155898,맛차!!!
20171728,151446.jpg,0.00,151446,조선-한국
20171727,151431.jpg,0.00,151431,사랑의 최면술
20171725,139891.jpg,0.00,139891,새총
20171724,119784.jpg,0.00,119784,보트 예스
20171723,132446.jpg,0.00,132446,워터본
20171722,145625.jpg,0.00,145625,세팅 뎀 스트레이트
20171721,155886.jpg,0.00,155886,뱅거스
20171709,134428.jpg,0.00,134428,캐러밴
20171706,134461.jpg,0.00,134461,원 파인 데이
20171705,120207.jpg,0.00,120207,아이맘
20171704,155884.jpg,0.00,155884,"영화 폭력, 1부"
20179706,158737.jpg,0.00,158737,나쁜 남자: 강간 당한 아내
20179705,158734.jpg,0.00,158734,두 번째 아내
20179704,157450.jpg,6.14,157450,첩보원: 독일군 잠입작전
20179724,150320.jpg,0.00,150320,보물찾기
20179722,155364.jpg,0.00,155364,코코리코끄
20179703,158758.jpg,0.00,158758,젊은 처형
20179702,150793.jpg,0.00,150793,닙스와 포킹턴의 사건 파일
20179694,158764.jpg,3.84,158764,맛있는 워킹걸
20179693,158735.jpg,0.00,158735,빼앗긴 아내
20179692,135957.jpg,2.90,135957,아내의 남자
20179690,158776.jpg,5.54,158776,검객풍운
20179689,158495.jpg,4.38,158495,천하제일검
20179688,158722.jpg,4.59,158722,스나이퍼: 특수작전부대
20179687,158496.jpg,4.52,158496,무림쟁패: 황제암살단
20179686,150482.jpg,0.00,150482,알렉스 & 실비아
20179685,155923.jpg,0.00,155923,안나
20179684,137986.jpg,6.46,137986,컴플리트 언노운
20179683,155216.jpg,0.00,155216,달나라로 떠나요
20179682,158472.jpg,8.67,158472,릴리
20179681,148159.jpg,0.00,148159,라즈베리 갤럭시
20179667,155367.jpg,0.00,155367,금붕어 구출 작전
20179666,151093.jpg,0.00,151093,꼬마 주먹밥
20179664,155341.jpg,0.00,155341,열두살 CEO
20179663,155299.jpg,0.00,155299,우카
20179662,143490.jpg,7.81,143490,파워레인져스: 더 비기닝
20179661,16196.jpg,8.80,16196,군번없는 용사
20179641,141357.jpg,6.67,141357,신 보보경심
20179621,158224.jpg,8.17,158224,금빛 모자이크 프리티 데이즈
20179601,158728.jpg,4.33,158728,아내의 불륜2
20179581,158227.jpg,0.00,158227,성욕노예의 복수
20179562,148643.jpg,8.50,148643,탐정사무소-그놈의 얼굴
20179541,155570.jpg,0.00,155570,"416프로젝트 ""망각과 기억"" - 자국"
20179521,157437.jpg,5.09,157437,친구부부 : 욕망의 스와핑
20179506,152849.jpg,0.00,152849,매력 지상주의
20179505,131908.jpg,0.00,131908,좋은 꿈
20179503,97177.jpg,10.00,97177,성장통
20179488,152856.jpg,10.00,152856,전교시대 격검의 소녀여 학교를 구하라
20179487,152847.jpg,0.00,152847,창고의 유혹
20179486,140307.jpg,0.00,140307,어떤 하루
20179484,127757.jpg,0.00,127757,우연일까?
20179481,158748.jpg,8.02,158748,사랑받지 못한 여자
20179461,154045.jpg,8.27,154045,드래곤: 용의 신부
20179442,156465.jpg,5.75,156465,밤의 해변에서 혼자
20179441,157414.jpg,0.00,157414,부부교환: 바꿔서 해볼까?
20179422,158731.jpg,0.00,158731,F컵 바람난 거유 유부녀: 문란한 정사
20179421,158558.jpg,10.00,158558,참외향기
20179406,144282.jpg,0.00,144282,베를린장벽이여 안녕
20179403,151557.jpg,10.00,151557,레스토레이션: 저주의 시작
20179402,150969.jpg,10.00,150969,임베디드
20179382,99715.jpg,9.39,99715,에이리언: 커버넌트
20179381,158766.jpg,10.00,158766,스와핑 : 친구부부의 쾌락
20179361,10911.jpg,8.67,10911,절멸의 천사
20179322,156424.jpg,7.80,156424,레모니 스니켓의 위험한 대결
20179321,158403.jpg,7.00,158403,인사이드 워
20179302,146361.jpg,5.32,146361,언프렌드
20179301,153782.jpg,8.76,153782,극장판 빰바라빤쮸: 바나나 왕국의 비밀
20179281,162744.jpg,0.00,162744,컨택트
20179261,152257.jpg,0.00,152257,어쌔신즈
20179241,158756.jpg,0.00,158756,여형사의 은밀한 수사
20179225,157411.jpg,0.00,157411,시아버지의 환상
20179224,157410.jpg,0.00,157410,"숙모, 내가 더 잘해요"
20179223,157408.jpg,0.00,157408,20대 같은 40대 미시녀
20179222,157409.jpg,0.00,157409,기둥서방의 여인
20179221,131386.jpg,9.00,131386,리버 로드
20179204,162158.jpg,0.00,162158,Bloom
20179203,132380.jpg,7.88,132380,난쟁이들
20179202,162150.jpg,0.00,162150,나비
20179184,158543.jpg,0.00,158543,썰
20179181,147921.jpg,0.00,147921,그 해 여름
20179161,157480.jpg,2.86,157480,분신사바 : 소녀의 저주
20179141,158488.jpg,0.00,158488,키드넵 인 루마니아
20179121,133403.jpg,0.00,133403,더 프레피 커넥션
20179101,153687.jpg,9.29,153687,공작
20179084,142585.jpg,0.00,142585,별이 빛나는 밤에
20179067,162312.jpg,0.00,162312,Harmony
20179066,142851.jpg,0.00,142851,쿠킹
20179034,129005.jpg,7.88,129005,메이메이 쇼핑몰의 기적
20179033,158472.jpg,8.67,158472,톰과 릴리: 그들만의 공간
20179030,146991.jpg,9.91,146991,질투
20179029,148996.jpg,9.77,148996,친구
20179023,158498.jpg,9.00,158498,내일의 시간
20179021,46553.jpg,0.00,46553,Take aim
20179002,158466.jpg,5.79,158466,일본 엄마
20178982,155716.jpg,9.62,155716,박열
20178981,147885.jpg,8.20,147885,기억의 원더랜드
20178961,152885.jpg,7.00,152885,우리 선생님을 고발합니다
20178942,143437.jpg,7.66,143437,스페이스 비트윈 어스
20178941,158252.jpg,10.00,158252,시인의 사랑
20178902,158773.jpg,0.00,158773,밀애: 시아버지
20178901,158778.jpg,0.00,158778,리벤지포르노 페인트 잇 블랙
20178882,158782.jpg,1.00,158782,쇼다운 인 마닐라
20178881,158849.jpg,6.63,158849,명탐정 코난: 에피소드 원-작아진 명탐정
20178862,146070.jpg,2.24,146070,더 마인즈 아이
20178861,97034.jpg,7.70,97034,레드 주식회사
20178841,158456.jpg,0.00,158456,드러그 앤 골드
20175263,144315.jpg,10.00,144315,부니베어: 브램블의 신비한 모험
20175262,156083.jpg,9.14,156083,겟 아웃
20175261,142709.jpg,10.00,142709,북 오브 파이어
20175241,158457.jpg,1.00,158457,아시안 스쿨 걸즈
20175222,149747.jpg,9.74,149747,킹스맨: 골든 서클
20175207,162467.jpg,0.00,162467,능력소녀
20175206,151763.jpg,9.40,151763,엄마없는 하늘아래
20175205,162465.jpg,0.00,162465,미망인
20175204,125489.jpg,9.60,125489,아메리칸 패스토럴
20175203,162461.jpg,10.00,162461,보호자
20175202,161283.jpg,8.00,161283,킹 아더 전설의 서막
20175201,155061.jpg,0.00,155061,공채사원
20175189,162466.jpg,0.00,162466,문신
20175187,162463.jpg,0.00,162463,성재씨
20175186,162462.jpg,0.00,162462,목련에 대하여
20175185,155584.jpg,0.00,155584,늙은 세탁기
20175184,161333.jpg,0.00,161333,가정교사-맛있는 섹스 비밀 수업
20175183,21352.jpg,0.00,21352,사랑의 역사
20175182,162460.jpg,0.00,162460,곰국
20175181,162459.jpg,0.00,162459,심심
20175161,162458.jpg,0.00,162458,이웃에 방해가 되지 않는 선
20175142,156185.jpg,10.00,156185,극장판 쿠로코의 농구 라스트 게임
20175141,161279.jpg,0.00,161279,1944 워 히어로
20175122,158571.jpg,10.00,158571,파리의 밤이 열리면
20175121,134898.jpg,9.80,134898,토르: 라그나로크
20175102,153729.jpg,9.00,153729,간츠: 오
20175101,158786.jpg,5.67,158786,썸 - 은밀한 이야기
20175082,161312.jpg,0.00,161312,더 와처스: 잭 팟
20175081,161875.jpg,0.00,161875,프라임 미니스터
20175068,162719.jpg,0.00,162719,내 차례
20175067,162721.jpg,0.00,162721,더 아일랜드 오브 몽크
20175066,162720.jpg,0.00,162720,볼드 피스
20175064,144099.jpg,0.00,144099,콜드 오브 카란다르
20175063,162717.jpg,9.00,162717,쌀 일곱 푸대
20175062,162714.jpg,0.00,162714,언브라이들
20175061,161161.jpg,0.00,161161,마이 히어로 브라더
20175053,150834.jpg,0.00,150834,장롱면허
20175052,155744.jpg,0.00,155744,투라
20175051,162718.jpg,0.00,162718,어나더 타임
20175050,143473.jpg,8.21,143473,딸
20175049,155613.jpg,0.00,155613,고잉 더 디스턴스
20175047,162716.jpg,10.00,162716,아이엠호프맨
20175046,162715.jpg,10.00,162715,파파 오랑후탄
20175045,156411.jpg,0.00,156411,루 살로메
20175044,154470.jpg,0.00,154470,제프리
20175042,161633.jpg,0.00,161633,트랩
20175041,99715.jpg,9.39,99715,파라다이스
20175021,162229.jpg,9.62,162229,쇠파리
20174962,154419.jpg,8.00,154419,레이디 맥베스
20174961,144657.jpg,0.00,144657,예감은 틀리지 않는다
20174942,137996.jpg,9.33,137996,신의 기적
20174941,143153.jpg,7.62,143153,1940: 최강의 독일 전차부대
20174921,161295.jpg,7.00,161295,착한불륜
20174901,161364.jpg,0.00,161364,친구엄마 2017: 친구가 집에 없던 날
20174881,155761.jpg,10.00,155761,엄마를 부탁해요!
20174861,158808.jpg,9.74,158808,술래잡기
20174842,144082.jpg,9.50,144082,스파이 : 디 오리지날
20174841,118965.jpg,7.07,118965,인카네이트
20174821,160964.jpg,10.00,160964,바다 탐험대 옥토넛 시즌4: 더 파이널
20174803,144988.jpg,9.77,144988,7번째 내가 죽던 날
20174802,129368.jpg,1.00,129368,퍼펙트 킬러
20174801,150275.jpg,7.00,150275,내 사랑
20174782,158739.jpg,4.81,158739,형님아내3(아랫집 부인)
20174781,161278.jpg,0.00,161278,노르마
20174762,154053.jpg,6.33,154053,화이트 릴리
20174761,160673.jpg,0.00,160673,암고양이들
20174742,154052.jpg,8.33,154052,사랑과 욕망의 짐노페디
20174741,156004.jpg,0.00,156004,안티포르노
20174721,156259.jpg,7.00,156259,로스트 인 파리
20174701,155020.jpg,7.28,155020,뮤지엄
20174683,162425.jpg,10.00,162425,방구의 무게
20174682,161369.jpg,0.00,161369,여배우의 정사
20174681,162422.jpg,10.00,162422,천사는 바이러스
20174663,162419.jpg,10.00,162419,돌아온다
20174662,162418.jpg,0.00,162418,나의 자전거에 대하여
20174661,162417.jpg,0.00,162417,기억의 유산
20174651,162428.jpg,0.00,162428,오늘의 중력
20174650,162427.jpg,0.00,162427,선아의 방
20174649,151973.jpg,10.00,151973,빈방
20174648,162424.jpg,0.00,162424,나는 아직도 당신이 궁금하여 자다가도 일어납니다
20174647,159813.jpg,9.06,159813,튼튼이의 모험
20174646,162421.jpg,0.00,162421,이중섭의 눈
20174645,162420.jpg,0.00,162420,미스 프레지던트
20174644,158536.jpg,9.95,158536,길
20174643,153298.jpg,2.80,153298,국정교과서
20174642,162416.jpg,0.00,162416,개의 역사
20174641,162415.jpg,10.00,162415,가을 우체국
20174621,134892.jpg,0.00,134892,청춘연애
20174602,162173.jpg,7.00,162173,N 프로젝트
20174601,162172.jpg,10.00,162172,초행
20174562,161357.jpg,10.00,161357,여자 하숙집
20174561,162471.jpg,9.16,162471,더 플랜
20174541,126348.jpg,3.20,126348,잠자는 숲속의 미녀
20174521,149134.jpg,0.00,149134,로스트 & 파운드
20174503,161301.jpg,5.50,161301,어쌔신 리벤지
20174502,159534.jpg,0.00,159534,부부교환의 날: 직장 상사 부부의 초대
20174501,161323.jpg,9.14,161323,오즈의 마법사 2
20174482,160966.jpg,2.78,160966,내 친구의 남편
20174461,161325.jpg,7.00,161325,여배우와 동거
20174424,159859.jpg,10.00,159859,망각과 기억2 : 돌아 봄 Part 2.
20174423,159859.jpg,10.00,159859,망각과 기억2 : 돌아 봄 Part 1.
20174402,162170.jpg,0.00,162170,혜영
20174401,154523.jpg,10.00,154523,마이 에그보이
20174383,162171.jpg,0.00,162171,Swarm Circulation
20174382,162168.jpg,0.00,162168,틈
20174381,162167.jpg,0.00,162167,콘크리트의 불안
20174366,162166.jpg,0.00,162166,주성치와 함께라면
20174365,162164.jpg,0.00,162164,은신처
20174364,162163.jpg,0.00,162163,오늘의 자리
20174363,162161.jpg,0.00,162161,악의 손길
20174362,162160.jpg,0.00,162160,썬데이
20174361,158637.jpg,0.00,158637,삼겹살
20174347,162162.jpg,0.00,162162,야간근무
20174346,117198.jpg,0.00,117198,"여우야, 여우야 뭐하니?"
20174345,162159.jpg,0.00,162159,봄동
20174344,162158.jpg,0.00,162158,동백꽃이 피면
20174343,162156.jpg,0.00,162156,경계
20174342,162154.jpg,0.00,162154,"22시, 너는 내게 이 꽃의 이름을 물었다"
20174329,162157.jpg,10.00,162157,동경소녀
20174328,162548.jpg,0.00,162548,코
20174323,162153.jpg,0.00,162153,B급 며느리
20174302,162152.jpg,0.00,162152,홀로그램 유니버스
20174301,162151.jpg,10.00,162151,폭력의 씨앗
20174281,162150.jpg,0.00,162150,파란나비효과
20174266,162149.jpg,0.00,162149,여수 밤바다
20174265,142250.jpg,10.00,142250,수성못
20174264,162148.jpg,0.00,162148,샘
20174263,162147.jpg,0.00,162147,노마드
20174245,148998.jpg,9.50,148998,화심: 욕망의 꽃
20174244,147864.jpg,0.00,147864,버블 패밀리
20174243,154669.jpg,0.00,154669,금속활자의 비밀들
20174242,161343.jpg,5.77,161343,더 와처스: 비기닝
20174241,146196.jpg,9.75,146196,위 아 엑스
20174222,130960.jpg,8.92,130960,키드냅
20174221,158487.jpg,9.83,158487,나이트 라이즈
20174201,117860.jpg,4.00,117860,분노의 위치 헌터
20174182,151870.jpg,0.00,151870,네루다
20174181,156533.jpg,6.67,156533,샘 워즈 히어: 살인 마을
20174165,161847.jpg,9.64,161847,극장판 또봇: 로봇군단의 습격
20174164,134891.jpg,9.22,134891,지렁이
20174163,140804.jpg,8.50,140804,공각기동대 신극장판
20174162,156348.jpg,0.00,156348,얼라이브
20174161,147415.jpg,7.50,147415,더 플루: 감염자들
20174141,160977.jpg,6.26,160977,게이트
20174122,161370.jpg,0.00,161370,방석집 여주인 - 남편 후배와
20174121,161360.jpg,0.00,161360,실제 바람피는 간통녀
20174102,161361.jpg,0.00,161361,하녀: 에나미
20174101,161362.jpg,10.00,161362,길들여 주세요
20174061,129094.jpg,9.63,129094,보스 베이비
20174041,149076.jpg,4.93,149076,마궁매영: 유령극장
20174023,161869.jpg,8.43,161869,극장판 어드벤처 타임: 비밀의 아일랜드
20174005,155343.jpg,10.00,155343,시험
20174003,150143.jpg,10.00,150143,사제
20173989,150943.jpg,0.00,150943,엄마는.. 씨아이에이
20173986,162429.jpg,0.00,162429,장례식
20173961,127374.jpg,8.62,127374,킹 아서: 제왕의 검
20173946,154517.jpg,5.67,154517,왕좌의 전쟁
20173945,159516.jpg,0.00,159516,인비저블 게스트
20173944,162366.jpg,0.00,162366,브림스톤
20173941,159531.jpg,0.00,159531,호수괴물
20173929,159550.jpg,3.00,159550,다이노 어드벤처: 먹이사슬의 제왕
20173927,80127.jpg,0.00,80127,추격자: 침묵의 살인
20173926,113146.jpg,6.98,113146,울프 크릭 2
20173925,149375.jpg,7.00,149375,히어 얼론
20173924,143487.jpg,0.00,143487,타이거 레이드
20173923,153769.jpg,9.00,153769,바람에 젖은 여자
20173921,148272.jpg,7.67,148272,우리들의 사계
20173881,126214.jpg,9.06,126214,런던 프라이드
20173864,149079.jpg,6.33,149079,64 파트 2
20173862,158709.jpg,0.00,158709,언노운 콜
20173861,143625.jpg,0.00,143625,나를 찾아서
20173843,161400.jpg,10.00,161400,"혼다, 비트"
20173842,161493.jpg,0.00,161493,이른 아침의 아담처럼
20173834,121937.jpg,10.00,121937,락 더 카스바
20173833,156091.jpg,0.00,156091,심야식당 2
20173830,161502.jpg,0.00,161502,서른
20173829,154072.jpg,8.00,154072,탈
20173828,161496.jpg,0.00,161496,You are my sunshine
20173827,161499.jpg,0.00,161499,춤춰브라
20173826,162751.jpg,7.75,162751,구세주 : 응답하라 하숙집
20173821,155081.jpg,0.00,155081,어쩌면 더 아름다웠을
20173803,158755.jpg,0.00,158755,너무 밝히는 사모님
20173801,157246.jpg,6.00,157246,컨트랙트 투 킬
20173784,150379.jpg,0.00,150379,시에라네바다
20173783,150381.jpg,0.00,150381,견습생
20173782,154990.jpg,0.00,154990,애프터이미지
20173781,153421.jpg,0.00,153421,뫼비우스
20173764,155037.jpg,10.00,155037,천 시간의 밤
20171703,155885.jpg,0.00,155885,삶의 문제
20171702,68768.jpg,0.00,68768,크로스보
20171701,154811.jpg,0.00,154811,여름 방학
20171681,160721.jpg,10.00,160721,박화영
20171661,160720.jpg,7.13,160720,아기돼지 3형제와 매직램프
20171642,158479.jpg,0.00,158479,화가의 비밀 클럽
20171641,158792.jpg,0.00,158792,남편보다 불륜이 좋아
20171630,158797.jpg,0.00,158797,새엄마의 고민해결
20171629,158478.jpg,0.00,158478,젖은 속옷에 비친 가슴
20171628,146783.jpg,0.00,146783,짊어져야 할 이름
20171627,158708.jpg,0.00,158708,거유정사 실험실
20171626,155878.jpg,0.00,155878,모닥불 피우기
20171625,155877.jpg,0.00,155877,투 더 씨
20171624,155879.jpg,0.00,155879,락버스터
20171623,161624.jpg,0.00,161624,플라잉
20171622,146773.jpg,0.00,146773,체인지 인 더 웨더
20171621,155875.jpg,10.00,155875,첩첩산중
20171614,158461.jpg,0.00,158461,라면집 아줌마
20171613,158794.jpg,0.00,158794,새엄마 최면술로 맘껏 즐기기
20171612,158706.jpg,0.00,158706,음란 온천정사
20171611,158462.jpg,0.00,158462,하얀 여관주인의 피부
20171610,159148.jpg,0.00,159148,티스
20171609,155869.jpg,0.00,155869,페드로
20171608,155872.jpg,0.00,155872,옥수수가 만개하다
20171607,155870.jpg,0.00,155870,더 파인 라인
20171606,158028.jpg,0.00,158028,세이드
20171605,158460.jpg,0.00,158460,육덕 도우미를 노리는 손길
20171604,155866.jpg,0.00,155866,동이 트기 전에
20171603,153482.jpg,10.00,153482,Good News
20171602,155864.jpg,0.00,155864,도시 입체구조74:19
20171601,150856.jpg,9.00,150856,시행착오
20171600,155874.jpg,0.00,155874,더 사운드 오브 콘크리트
20171599,155876.jpg,0.00,155876,나는 아직도 속으로 피를 흘린다
20171598,160059.jpg,0.00,160059,강아지
20171597,155868.jpg,0.00,155868,인간 동상
20171596,156648.jpg,0.00,156648,극강쾌락 여인천하
20171595,157430.jpg,0.00,157430,도촬 생중계 보기
20171594,156618.jpg,0.00,156618,천녀유혹 - 꿈같은 밤
20171593,155865.jpg,0.00,155865,이글루
20171592,155867.jpg,0.00,155867,26명의 가상 친구들
20171591,156949.jpg,0.00,156949,필립
20171590,157431.jpg,0.00,157431,육체 해결사 - 특무과
20171589,155862.jpg,0.00,155862,그녀의 정신이 머리 속에서 뛰쳐나간 밤
20171588,155860.jpg,0.00,155860,루트 B96
20171587,159570.jpg,0.00,159570,여사원과 러브호텔
20171586,155856.jpg,0.00,155856,제네바 협정
20171585,155855.jpg,0.00,155855,악의는 없습니다
20171584,155852.jpg,0.00,155852,라스 메니나스
20171583,151532.jpg,0.00,151532,경계선들
20171582,146844.jpg,0.00,146844,내부의 적
20171581,155848.jpg,0.00,155848,커튼 단
20171580,156661.jpg,0.00,156661,남편에겐 절대 비밀
20171579,157432.jpg,0.00,157432,주택집 처녀의 젖어 드는 하숙집
20171578,155858.jpg,0.00,155858,굴복
20171577,155859.jpg,1.00,155859,가라앉은 수녀원
20171576,156647.jpg,0.00,156647,귀여운 형수님 - 제부
20171575,159586.jpg,0.00,159586,해주는 미인 미용사
20171574,159568.jpg,0.00,159568,당일치기 온천여행
20171573,155552.jpg,0.00,155552,유부녀 육즙의 파티
20171572,159571.jpg,0.00,159571,이자카야 모녀 스와핑
20171571,150420.jpg,0.00,150420,타임코드
20171570,149343.jpg,10.00,149343,당신의 안전을 위해
20171569,155854.jpg,0.00,155854,오래된 상처
20171568,155853.jpg,0.00,155853,르 뿔뒤의 곰들
20171567,155851.jpg,0.00,155851,장거리 주자
20171566,155850.jpg,0.00,155850,메이의 겨울
20171564,162097.jpg,0.00,162097,에어
20171563,155846.jpg,0.00,155846,촬영 중 소음 금지
20171561,146560.jpg,9.00,146560,싱
20171529,162457.jpg,0.00,162457,개들의 침묵
20171528,162150.jpg,0.00,162150,나비효과
20171527,155340.jpg,10.00,155340,낯선 가족
20171525,69266.jpg,6.01,69266,잘못된 만남
20171523,129346.jpg,5.50,129346,맘마
20171508,154874.jpg,0.00,154874,장수목욕탕의 여름
20171504,102295.jpg,6.81,102295,초대
20171468,154873.jpg,10.00,154873,예리한선택
20171452,158730.jpg,9.00,158730,포에트리 브로셀
20171451,154695.jpg,8.79,154695,보이스
20171450,150162.jpg,4.00,150162,선물
20171448,154871.jpg,10.00,154871,"따라, 간다"
20171445,151347.jpg,0.00,151347,시선
20171443,124330.jpg,0.00,124330,갑을전쟁
20171401,159555.jpg,0.00,159555,19금 섹스비디오
20171386,145878.jpg,0.00,145878,숲으로 이룬 꿈
20171385,150595.jpg,0.00,150595,내 머리 속에 숨겨둔 당신
20171384,152491.jpg,8.82,152491,패트와 매트: 뚝딱뚝딱 대소동
20171383,152184.jpg,7.50,152184,중2라도 괜찮아
20171382,138370.jpg,7.56,138370,시티 워: 익스트림 킬러
20171368,155346.jpg,0.00,155346,생각할 때
20171367,154077.jpg,0.00,154077,취중진담
20171366,146293.jpg,0.00,146293,더 가든
20171364,150012.jpg,0.00,150012,오키드 헤드
20179961,127383.jpg,8.01,127383,미인어
20179941,151109.jpg,0.00,151109,중단
20179921,142323.jpg,3.14,142323,서유기3: 월광보합 리턴즈
20179901,143394.jpg,9.52,143394,혹성탈출: 종의 전쟁
20179881,158898.jpg,9.86,158898,오렌지: 미래
20179861,134855.jpg,9.50,134855,아메리칸 로맨스: 블러디 허니문
20179841,159593.jpg,5.86,159593,파라노말 시그널
20179981,158752.jpg,2.86,158752,비욘드 리뎀션
20179962,126083.jpg,5.27,126083,골드 랜섬
20179822,147498.jpg,0.00,147498,걸스 & 보이즈
20179821,158732.jpg,4.08,158732,바이킹 레거시
20179761,147113.jpg,0.00,147113,플레이 데드
20179742,159474.jpg,0.00,159474,발명소녀와 꼬마 히어로
20179727,156274.jpg,5.50,156274,풍경
20179726,155210.jpg,0.00,155210,줄리엣의 친구들
20173763,150377.jpg,8.33,150377,마'로사
20173741,161399.jpg,0.00,161399,"가장, 자리"
20173722,84317.jpg,9.80,84317,변해야한다
20173713,155639.jpg,0.00,155639,전철 쾌락여행
20173712,158715.jpg,0.00,158715,츠보미의 첫사랑 일기
20173710,155100.jpg,0.00,155100,나쁜 가정교사-유혹레슨
20173709,155628.jpg,0.00,155628,시아버지의 자매 복숭아 맛보기
20173708,157755.jpg,0.00,157755,그녀들과 레슬링
20173707,156635.jpg,0.00,156635,성희왕- 48체위
20173706,156631.jpg,0.00,156631,긴자의 밤황제-실화 베개 영업
20173705,158482.jpg,0.00,158482,터진 욕정의 유부녀
20173703,159535.jpg,0.00,159535,새아빠: 엄마의 남자를 탐하다
20173702,159532.jpg,0.00,159532,완숙 엄마: 아들의 고백
20173692,159567.jpg,0.00,159567,속옷 보여주는 귀요미
20173691,158477.jpg,0.00,158477,관능 에로실화 극장
20173690,158578.jpg,9.51,158578,흑집사 -북 오브 더 아틀란틱-
20173688,156632.jpg,0.00,156632,리오의 룸싸롱 잠입
20173687,155554.jpg,0.00,155554,감금유희 - 맘대로
20173686,156638.jpg,0.00,156638,거유부인의 파티
20173685,158459.jpg,0.00,158459,새엄마의 화끈한 유혹
20173661,158502.jpg,10.00,158502,좋아하게 되는 그 순간을 ~고백실행위원회~
20173642,156417.jpg,9.49,156417,너와 100번째 사랑
20173641,136283.jpg,9.00,136283,데이 릴리즈
20173627,129379.jpg,8.76,129379,풍문으로 들었소
20173623,113645.jpg,10.00,113645,금지된 장난
20173608,148643.jpg,8.50,148643,그 얼굴
20173604,154682.jpg,0.00,154682,변신
20173601,161374.jpg,8.77,161374,리틀 프린세스 소피아: 엘레나와 비밀의 아발로 왕국
20173581,160399.jpg,9.29,160399,기억의 밤 (가제)
20173561,159522.jpg,0.00,159522,스캔들 III
20173521,161375.jpg,9.67,161375,절처봉생 이것이 사주다
20173504,160039.jpg,0.00,160039,박근혜정권퇴진행동 옴니버스 프로젝트 '광장'
20173503,153116.jpg,0.00,153116,도큐멘트 70: 속물에 대한 6가지 테제
20173502,161406.jpg,0.00,161406,도돌이 언덕에 난기류
20173485,156093.jpg,0.00,156093,비행운
20173483,161405.jpg,0.00,161405,빨간 벽돌
20173464,161505.jpg,10.00,161505,있는 존재
20173462,161401.jpg,0.00,161401,표류인
20173461,161498.jpg,0.00,161498,트러스트폴
20173450,161501.jpg,10.00,161501,군더더기
20173449,20267.jpg,0.00,20267,밤의 눈
20173447,161503.jpg,10.00,161503,피와 재
20173445,29408.jpg,8.25,29408,세컨드 서클
20173444,137909.jpg,5.25,137909,링스
20173426,157242.jpg,9.00,157242,키즈
20173425,161497.jpg,0.00,161497,고요수업
20173424,131847.jpg,0.00,131847,천사들의 장난
20173423,161404.jpg,0.00,161404,멀리있는 그대와 가까이 있는 당신에게
20173422,161403.jpg,9.00,161403,두 번째 행군
20173403,132626.jpg,9.45,132626,슈퍼배드 3
20173402,161504.jpg,0.00,161504,어떤 점거
20173401,153961.jpg,9.80,153961,인터뷰
20173383,161500.jpg,9.83,161500,불빛 아래서
20173361,148912.jpg,1.00,148912,아이 엠 솔져
20173341,157489.jpg,0.00,157489,색정유령펜션
20173321,161402.jpg,0.00,161402,스물다섯번째 시간
20173302,161494.jpg,9.50,161494,Play On
20173301,160135.jpg,9.74,160135,"서서평, 천천히 평온하게"
20173281,159503.jpg,0.00,159503,남편 앞에서 당하는 아내
20173248,161406.jpg,0.00,161406,언덕
20173247,158485.jpg,4.00,158485,LA 대지진
20173246,91930.jpg,8.00,91930,연날리기
20173245,153392.jpg,0.00,153392,미아
20173241,151223.jpg,0.00,151223,훌륭한 영화
20173227,161136.jpg,10.00,161136,사랑의 규칙
20173226,14448.jpg,9.35,14448,패왕별희 디 오리지널
20173225,130598.jpg,8.00,130598,스페니쉬 어페어
20173223,162577.jpg,0.00,162577,The Road
20173201,148669.jpg,5.80,148669,오텔로
20173181,153941.jpg,7.36,153941,십계: 구원의 길
20173161,149269.jpg,6.77,149269,특별수사대
20173141,158394.jpg,0.00,158394,쉘터
20173121,143499.jpg,6.77,143499,콜로설
20173101,161621.jpg,4.00,161621,익스펜더블 에셋
20173087,90150.jpg,9.00,90150,오늘의 뉴스
20173086,134348.jpg,0.00,134348,애니마
20173082,141396.jpg,9.00,141396,손가락질
20173068,27580.jpg,8.45,27580,"어제, 오늘, 그리고 내일"
20173066,155761.jpg,10.00,155761,엄 마
20173065,148898.jpg,0.00,148898,알로하
20173064,109972.jpg,7.92,109972,영원스
20173063,147818.jpg,10.00,147818,매직배딩
20173062,139198.jpg,0.00,139198,크리스마스 선물
20173061,94183.jpg,9.58,94183,슈퍼 빼꼼: 스파이 대작전
20173041,159585.jpg,0.00,159585,친구 여동생과의 정사
20173021,118948.jpg,6.82,118948,더 건맨 : 테이큰 감독 뉴프로젝트
20172981,138047.jpg,0.00,138047,필살기
20172961,158679.jpg,0.00,158679,어메이징 베이비: 365일 간의 성장기
20172921,161365.jpg,5.76,161365,옆집소녀
20172863,146503.jpg,6.63,146503,원스텝
20172862,105578.jpg,6.62,105578,그린 인페르노
20172861,158720.jpg,7.68,158720,엄마친구 3
20172844,129093.jpg,8.89,129093,콜로니아
20172842,158760.jpg,0.00,158760,부부교환: 서로의 아내를 탐하다
20172822,161355.jpg,4.13,161355,일대일
20172821,144084.jpg,8.11,144084,개에게 처음 이름을 지어준 날
20172802,153374.jpg,7.28,153374,여자의 일생
20172801,158677.jpg,10.00,158677,애국심을 찾아서
20172786,159536.jpg,0.00,159536,젊은 며느리: 시아버지의 유혹에 빠지다
20172784,155576.jpg,0.00,155576,오토바이
20172781,111034.jpg,8.63,111034,프로토타입
20172761,30373.jpg,8.00,30373,다운 바이 로
20172745,156664.jpg,0.00,156664,목욕
20172744,30368.jpg,6.92,30368,영원한 휴가
20172743,121522.jpg,0.00,121522,패밀리 유나이티드
20172742,161242.jpg,10.00,161242,범죄도시(가제)
20172701,143607.jpg,6.27,143607,폴란드1943
20172681,120618.jpg,9.17,120618,불곰영웅 밤세: 도둑들의 도시
20168753,58119.jpg,10.00,58119,노다지
20168751,143713.jpg,8.85,143713,"나의 딸, 나의 누나"
20168750,125417.jpg,9.06,125417,파도가 지나간 자리
20168749,151721.jpg,6.84,151721,맨하탄 녹턴
20168748,158778.jpg,0.00,158778,리벤지
20168747,127333.jpg,7.34,127333,위스키 탱고 폭스트롯
20168746,153501.jpg,4.82,153501,불청객 - 반가운 손님
20168745,118928.jpg,5.89,118928,리클레임
20168744,153506.jpg,3.50,153506,L.A. 팜므파탈
20168743,158050.jpg,4.50,158050,다윗과 골리앗
20168742,110379.jpg,8.06,110379,아우토반
20168741,148270.jpg,8.67,148270,더 매니저
20168722,158839.jpg,8.29,158839,용을 찾아서
20168721,145318.jpg,7.70,145318,아이엠스타 뮤직어워드
20168712,154635.jpg,0.00,154635,크레이지
20168711,154306.jpg,0.00,154306,"내 친구, 그의 아내"
20168709,157529.jpg,8.75,157529,엘리미네이터
20168708,160378.jpg,10.00,160378,피닉스
20168707,97457.jpg,0.00,97457,열망
20168706,44157.jpg,8.00,44157,내가 속한 나라
20168705,139854.jpg,8.00,139854,천일야화 1
20168704,132710.jpg,0.00,132710,어둠 속에서
20168703,124798.jpg,7.33,124798,도원경
20168702,143825.jpg,5.75,143825,여자전쟁: 떠도는 눈
20168701,119546.jpg,8.38,119546,샤룩칸의 팬
20168694,93929.jpg,7.59,93929,장난감
20168693,40318.jpg,0.00,40318,신여성
20168691,35317.jpg,6.25,35317,목동 피리
20168688,110333.jpg,8.44,110333,레지던트 이블: 파멸의 날
20168687,153524.jpg,10.00,153524,교수와 여제자: 사랑
20168686,139856.jpg,7.50,139856,천일야화 3
20168685,139855.jpg,6.00,139855,천일야화 2
20168684,150338.jpg,8.08,150338,예전부터 계속 좋아했어 ~고백실행위원회~
20168682,151294.jpg,8.86,151294,술탄
20168681,149506.jpg,9.06,149506,아내업고 달리기
20168669,154536.jpg,8.60,154536,아주 긴 변명
20168668,157564.jpg,5.91,157564,레이디버그
20168667,155633.jpg,9.00,155633,바람난 애인
20168663,158784.jpg,0.00,158784,야쿠자의 여자: 은밀한 유혹
20168662,158783.jpg,0.00,158783,굶주린 여신: 양기흡수
20168661,147417.jpg,0.00,147417,생쥐의 습격
20168642,144449.jpg,0.00,144449,마지막 식사
20168641,152450.jpg,0.00,152450,깊은 밤을 날아서
20168623,146805.jpg,0.00,146805,바깥은 위험해
20168622,146694.jpg,0.00,146694,바이올렛
20168621,152449.jpg,0.00,152449,아빠의 소원
20168612,159554.jpg,3.96,159554,안해
20168611,148946.jpg,7.74,148946,키코리키: 황금모자의 비밀
20168610,150592.jpg,10.00,150592,프렌치 시네마 스토리
20168609,155505.jpg,10.00,155505,러브 슬레이트
20168608,136837.jpg,2.84,136837,익스트랙션
20168607,142644.jpg,8.79,142644,도묘필기
20168605,152448.jpg,0.00,152448,이별남녀
20168604,146721.jpg,0.00,146721,구름 위의 소년
20168603,152459.jpg,10.00,152459,세기의 대결
20168602,127374.jpg,8.62,127374,아이들의 왕
20168601,99658.jpg,0.00,99658,신녀
20168595,132675.jpg,9.27,132675,시칠리아 햇빛아래
20168593,158658.jpg,0.00,158658,퍼스트 스텝
20168592,144100.jpg,9.20,144100,랜드 오브 마인
20168591,152447.jpg,0.00,152447,끈
20168590,152446.jpg,0.00,152446,거미여인을 사랑한 남자
20168589,144785.jpg,4.86,144785,워리어스 게이트
20168588,124929.jpg,0.00,124929,백투백 페이스투페이스
20168586,118249.jpg,0.00,118249,어광곡
20168583,67840.jpg,10.00,67840,말도둑
20168565,146369.jpg,3.82,146369,여자가 잠들 때
20168564,128603.jpg,6.40,128603,험블링
20168563,133837.jpg,4.00,133837,네이키드 청춘
20168562,150529.jpg,0.00,150529,그 남자의 아침
20168561,140307.jpg,0.00,140307,어떤 하루
20168546,106069.jpg,7.60,106069,일라이저 그레이브스
20168545,109933.jpg,10.00,109933,세상의 모든 엄마와 딸들
20168544,158453.jpg,0.00,158453,하드어택
20168543,158452.jpg,4.90,158452,스페이스 워
20168542,148474.jpg,2.33,148474,더 레슨: 마지막 수업
20168541,136883.jpg,10.00,136883,프리 파이어
20168523,158788.jpg,6.79,158788,내 남편의 가정교사
20168522,141184.jpg,10.00,141184,도살장
20168521,130942.jpg,7.61,130942,서바이벌리스트
20168504,154920.jpg,0.00,154920,열쇠아이
20168503,155372.jpg,5.50,155372,사내본색
20168502,156644.jpg,10.00,156644,국.영.수
20168501,137921.jpg,7.96,137921,바스티유 데이
20168491,144488.jpg,0.00,144488,봄바람
20168490,162151.jpg,10.00,162151,씨앗
20168489,153460.jpg,8.00,153460,꽃과 하늘
20168488,151368.jpg,7.00,151368,타락경찰 모로보시
20168486,153787.jpg,4.40,153787,데빌 데쓰
20168485,121665.jpg,8.75,121665,블러드 펀치
20168484,153785.jpg,2.86,153785,데스티네이션 게임: 죽음의 굴레
20168483,153783.jpg,8.50,153783,다크사이드 위치스: 저주의 눈빛
20168482,153784.jpg,3.25,153784,크레이지 머더
20168481,153786.jpg,5.67,153786,크룰: 두 얼굴의 사나이
20168462,134887.jpg,8.77,134887,스노든
20168461,146385.jpg,3.53,146385,패스트 콘보이
20168451,150398.jpg,0.00,150398,루이 14세의 죽음
20168450,146565.jpg,7.33,146565,대한
20168449,154917.jpg,0.00,154917,일루미네이트
20168448,154918.jpg,0.00,154918,너무 빨간 조금 파란
20168447,142635.jpg,2.74,142635,몽키킹 제로
20168446,140666.jpg,8.17,140666,사랑이 이끄는 대로
20168445,152445.jpg,0.00,152445,숲에서 온 소녀
20168444,139859.jpg,0.00,139859,체로키
20168443,146069.jpg,10.00,146069,웰컴 투 치킨 월드
20168442,140900.jpg,9.48,140900,쿵푸 캅
20168441,146605.jpg,0.00,146605,아버지와 아들
20168440,154919.jpg,0.00,154919,한 남자
20168439,153461.jpg,0.00,153461,무빙 컬러스
20168438,154795.jpg,0.00,154795,즐거운 여행이 되기를
20168437,154797.jpg,0.00,154797,갖고싶어
20168436,154798.jpg,0.00,154798,죽음에 대하여
20168435,154800.jpg,0.00,154800,블라인드 필름
20168433,155031.jpg,0.00,155031,보이지 않는
20168432,154913.jpg,9.00,154913,메가번
20168431,146593.jpg,10.00,146593,비밀실험
20168430,152496.jpg,0.00,152496,8번공의 여행
20168429,152495.jpg,0.00,152495,내 작은 친구
20168428,152494.jpg,0.00,152494,해와 달
20168427,148113.jpg,0.00,148113,꼬마 전구의 모험
20168426,139317.jpg,4.00,139317,언원티드:초대받지않은손님
20168425,147195.jpg,0.00,147195,심심해
20168424,145349.jpg,8.43,145349,로스트 인 더 선
20168423,153533.jpg,5.67,153533,릴리그레이스: 마녀이야기
20168422,138028.jpg,4.40,138028,질투: 복수의 화신
20168421,153535.jpg,6.33,153535,한밤의 살인자
20168411,149438.jpg,5.20,149438,내부의 적-클린핸즈
20168409,154915.jpg,0.00,154915,아르메니아 종이
20168407,155544.jpg,2.25,155544,인테로게이션
20167227,154746.jpg,0.00,154746,그림자 놀이
20167226,154745.jpg,0.00,154745,동지를 위한 행진
20167225,159108.jpg,10.00,159108,영혼들
20167224,155785.jpg,10.00,155785,식사
20167222,150614.jpg,9.00,150614,소금
20167220,150600.jpg,10.00,150600,꼬인 회로
20167218,150584.jpg,8.20,150584,연애가 고달픈 남자
20167217,159030.jpg,0.00,159030,스토커
20167216,118966.jpg,9.45,118966,비밀
20167213,152053.jpg,0.00,152053,쿠카라차
20167210,152101.jpg,5.00,152101,기억메신저 2033
20167209,149027.jpg,8.42,149027,이탈리안 레이스
20167208,134570.jpg,8.50,134570,더 울프팩
20167207,156542.jpg,10.00,156542,랑데부
20167205,95988.jpg,0.00,95988,난 괜찮아
20167203,145662.jpg,9.19,145662,걸즈 앤 판처 극장판
20167202,153417.jpg,9.04,153417,걸즈 앤 판처 이것이 진정한 안치오전입니다!
20167197,154737.jpg,0.00,154737,꿈으로 가득한
20167195,157787.jpg,0.00,157787,악마들
20167194,152152.jpg,0.00,152152,신의 말
20167193,152153.jpg,0.00,152153,이해할 수 없는 사랑
20167192,152154.jpg,0.00,152154,길 잃은 사람들
20167186,149707.jpg,10.00,149707,심야택시
20167165,154740.jpg,0.00,154740,퀴어 서점에 오신 걸 환영합니다
20167164,154739.jpg,0.00,154739,책방의 풍경
20167163,154736.jpg,0.00,154736,아버지의 유산
20167162,154735.jpg,0.00,154735,"로봇 강아지, 아이보"
20167161,153407.jpg,8.75,153407,허클베리 핀의 매직 어드벤쳐: 램프의 요정 지니에게 소원을 말해봐
20167160,156497.jpg,9.50,156497,터널
20167159,146374.jpg,8.22,146374,사랑의 시대
20167158,144741.jpg,9.22,144741,보스의 딸
20167157,126159.jpg,9.50,126159,메니에그: 삶은달걀의 복수
20167156,140591.jpg,8.50,140591,마스터 플랜
20167154,133447.jpg,8.64,133447,드림 쏭
20167153,120196.jpg,3.00,120196,히 후 데어 2: 런던 테러리스트
20167152,135822.jpg,8.93,135822,막이 오른다
20167151,129394.jpg,8.58,129394,프랑켄슈타인
20167150,89756.jpg,7.76,89756,엘비스와 대통령
20167149,104390.jpg,8.33,104390,앤 소 잇 고즈
20167148,152387.jpg,9.31,152387,"컴, 투게더"
20167147,152155.jpg,0.00,152155,하얀 날
20167146,50374.jpg,8.00,50374,차가운 물
20167145,87949.jpg,7.33,87949,도심 속의 방
20167143,30989.jpg,6.00,30989,레이디스 맨
20167127,137938.jpg,8.21,137938,너브
20167126,156339.jpg,0.00,156339,안개
20167123,32464.jpg,8.38,32464,맨발의 이사도라
20167122,72191.jpg,6.78,72191,이유 없는 의심
20167121,152499.jpg,0.00,152499,챈스
20167104,140534.jpg,0.00,140534,"테픽, 넘어져도 다시 일어날 수 있어"
20167103,154733.jpg,0.00,154733,눈을 감으면
20167102,157012.jpg,6.45,157012,휴가
20167101,78142.jpg,8.80,78142,불편한 히치하이커
20167085,154731.jpg,0.00,154731,아야의 하루
20167084,154729.jpg,0.00,154729,"보이첵, 파일럿이 되다"
20167083,144929.jpg,7.43,144929,어 워: 라스트 미션
20167081,151791.jpg,5.99,151791,킬 커맨드: 드론의 습격
20167070,132748.jpg,0.00,132748,집처럼 따스한 별 아래
20167069,154734.jpg,0.00,154734,살아있는 숲
20167068,154732.jpg,10.00,154732,알바트로스
20167067,154730.jpg,0.00,154730,나는 대리모입니다
20167066,152016.jpg,0.00,152016,할매축구단
20167065,104370.jpg,5.29,104370,엑소시스트: 죽음의 가족
20167064,154728.jpg,0.00,154728,소년이 되는 법
20167063,154727.jpg,0.00,154727,링 위의 촐리타
20167062,142883.jpg,0.00,142883,축구장 가는 길
20167042,154726.jpg,0.00,154726,스페셜 원
20167041,152160.jpg,9.26,152160,킹 오브 프리즘
20167031,154567.jpg,0.00,154567,감옥에서 만난 자유
20167030,154566.jpg,0.00,154566,풋볼 브라더스
20167029,154564.jpg,0.00,154564,찬란히 빛나는
20167028,142561.jpg,0.00,142561,우리가 한 때 가졌던 생각
20167026,153408.jpg,0.00,153408,우연히 만난 내 소꿉친구
20167025,153409.jpg,0.00,153409,색광: 섹스에 미친 사람들
20167024,152129.jpg,0.00,152129,수줍은 내 약혼녀
20167023,152704.jpg,0.00,152704,게스트 하우스 여주인의 비밀연애
20167022,152703.jpg,0.00,152703,스무살 내 친구 - 미친 향기
20167021,152128.jpg,0.00,152128,에이컵 친구 아내 - 남편 오기 전에
20167009,154565.jpg,0.00,154565,행동하는 예술
20167008,159576.jpg,5.74,159576,야한 목소리-쏠리네
20167006,53095.jpg,8.37,53095,난징! 난징!
20167005,142324.jpg,5.39,142324,데스노트: 더 뉴 월드
20167004,159684.jpg,0.00,159684,마음
20167003,152575.jpg,7.58,152575,보전자전
20167001,83223.jpg,8.17,83223,사냥: 헌터스 킬러
20166988,154339.jpg,0.00,154339,젊은 새엄마
20166987,157426.jpg,0.00,157426,아내의 자위
20166986,157427.jpg,0.00,157427,굶주린 미망인과 세 딸
20166985,157425.jpg,0.00,157425,과부의 음란한 페로몬
20166984,150556.jpg,4.71,150556,위험한 유혹
20166982,134937.jpg,0.00,134937,힐러리
20166981,85236.jpg,10.00,85236,나이트클럽
20166967,123630.jpg,6.96,123630,트랜스포머: 최후의 기사
20166965,152829.jpg,0.00,152829,셋 미 프리
20166964,152827.jpg,0.00,152827,땡깡
20166963,152823.jpg,10.00,152823,사마리아
20166962,152815.jpg,0.00,152815,방부제 미첨가
20166961,143771.jpg,8.00,143771,백일홍
20166943,150921.jpg,0.00,150921,마이 레그
20166942,144963.jpg,4.95,144963,익스포즈
20166941,152119.jpg,5.00,152119,터널 오브 에어리언
20166927,135728.jpg,0.00,135728,브루클린 다리 위의 하얀 깃발
20166926,153930.jpg,1.00,153930,그레이스 오브 갓
20166924,152822.jpg,0.00,152822,선 시티
20166923,143138.jpg,0.00,143138,애기
20166921,152817.jpg,0.00,152817,헤엄
20166916,154556.jpg,0.00,154556,선장 솔레이만
20166915,138688.jpg,0.00,138688,머리 감겨주는 여자
20166914,159648.jpg,9.50,159648,그 땐
20166913,143954.jpg,0.00,143954,더 높이 날아올라
20166911,149248.jpg,9.44,149248,더 러너
20166910,143453.jpg,0.00,143453,목적지
20166909,146193.jpg,8.24,146193,연인과 독재자
20166908,152830.jpg,0.00,152830,팻 독
20166907,152828.jpg,0.00,152828,통근
20166905,149191.jpg,5.68,149191,허쉬
20166904,152588.jpg,4.80,152588,엑소시즘: 로스트테이프
20166903,152601.jpg,1.00,152601,그녀의 섹스 테크닉
20166902,148623.jpg,4.00,148623,어린 엄마: 딸과 함께
20166901,159361.jpg,0.00,159361,플로렌스
20166884,156649.jpg,0.00,156649,전직 스튜어디스: 하네다 리코
20166883,124298.jpg,8.09,124298,언럭키맨
20166882,144772.jpg,5.45,144772,나만이 없는 거리
20166881,110613.jpg,6.00,110613,건즈 포 하이어
20168406,159108.jpg,10.00,159108,앤드 & 앤드
20168405,154799.jpg,0.00,154799,리타
20168404,162646.jpg,0.00,162646,플럼
20168403,153534.jpg,3.87,153534,데드 걸즈
20168402,146071.jpg,7.39,146071,사우스바운드-죽음의 고속도로
20168401,136870.jpg,7.80,136870,카페 소사이어티
20168382,144778.jpg,7.36,144778,렛츠락! 죽어서 하는 밴드
20168381,149777.jpg,8.85,149777,얼라이드
20168366,158266.jpg,8.28,158266,바다 탐험대 옥토넛 시즌4: 바다 괴물 대소동
20168365,157438.jpg,8.06,157438,아내의 동창회
20168364,147201.jpg,0.00,147201,여우와 쥐의 짧은 동화
20168363,147213.jpg,0.00,147213,잡아!
20168362,153781.jpg,8.94,153781,극장판 울려라! 유포니엄
20168361,149505.jpg,8.56,149505,바다 탐험대 옥토넛 시즌4: 늪지탐험선K
20168342,157051.jpg,6.33,157051,헤픈젤: 비밀의 몸캠
20168341,23542.jpg,0.00,23542,하얀 까마귀
20168327,118953.jpg,8.34,118953,거울
20168325,154929.jpg,0.00,154929,프라이빗 그린
20168321,153689.jpg,7.55,153689,특근
20168302,151785.jpg,0.00,151785,창문들 - 워킹 캣
20168301,153780.jpg,9.75,153780,디지몬 어드벤처 트라이 제3장 : 고백
20168285,153799.jpg,2.00,153799,만남
20168284,154921.jpg,0.00,154921,창문들 - 포테이토 칩
20168282,88227.jpg,9.39,88227,블레이드 러너 2049
20168281,137588.jpg,4.91,137588,거대말벌의 습격
20168262,157415.jpg,1.00,157415,새엄마: 아들의 여자가 되다
20168261,125473.jpg,8.17,125473,원더 우먼
20168252,118163.jpg,0.00,118163,만두
20168251,154925.jpg,0.00,154925,"안녕, 네모"
20168250,158112.jpg,7.22,158112,골든슬럼버(가제)
20168249,154926.jpg,0.00,154926,워크박스 01 '뒤에서'
20168248,151111.jpg,8.00,151111,그리고 나는 그렇게 죽었다
20168247,158053.jpg,9.10,158053,종로3가역2번출구
20168245,155634.jpg,9.00,155634,신혼여행 : 불륜
20168244,154860.jpg,0.00,154860,세포의 놀이공원
20168243,154859.jpg,0.00,154859,긴코너구리에 관하여
20168242,157448.jpg,0.00,157448,신 야쿠자
20168241,70627.jpg,8.83,70627,잃어 버린 도시 Z
20168237,158688.jpg,0.00,158688,라 트라비아타
20168236,154923.jpg,0.00,154923,몽유병자
20168235,146520.jpg,7.98,146520,춘몽
20168234,151052.jpg,0.00,151052,명절
20168233,160966.jpg,2.78,160966,내 남편의 친구
20168232,158421.jpg,10.00,158421,친구 누나 일본판
20168231,82049.jpg,0.00,82049,다빈치 트레져
20168230,154858.jpg,0.00,154858,미확인 행성
20168229,154856.jpg,0.00,154856,빛나는 풍경
20168228,154855.jpg,0.00,154855,작은 악마들
20168227,157447.jpg,5.50,157447,마지막 사무라이
20168226,154854.jpg,0.00,154854,비탄
20168225,156665.jpg,0.00,156665,남편 대학 친구와 정사
20168224,156667.jpg,0.00,156667,남편 후배와 집에서
20168223,160148.jpg,0.00,160148,리마
20168222,151113.jpg,0.00,151113,우리는 이미지를 만든다
20168205,149829.jpg,6.02,149829,데이라이트 엔드: 인류멸망의 날
20168204,155101.jpg,0.00,155101,뿜어낸 거유 여사원
20168203,155102.jpg,0.00,155102,붉게 발정난 색녀
20168202,153411.jpg,0.00,153411,새 엄마의 딸: 내 여자가 되던 날
20168201,146316.jpg,5.16,146316,봉신연의: 영웅의 귀환
20168187,155083.jpg,0.00,155083,남편과 남편 부하
20168186,157484.jpg,0.00,157484,불륜녀의 황홀한 입맞춤
20168185,149503.jpg,4.86,149503,건 파이터
20168184,154328.jpg,10.00,154328,지상에서 영원으로
20168183,127397.jpg,7.84,127397,콩: 스컬 아일랜드
20168182,100208.jpg,7.85,100208,머니 몬스터
20168181,159300.jpg,0.00,159300,라스트 데이즈
20168163,155087.jpg,0.00,155087,하드코어 미망인
20168162,155086.jpg,0.00,155086,여간호사의 쾌감
20168160,156697.jpg,0.00,156697,전남친에게 성희롱
20168159,155088.jpg,0.00,155088,경양식집 유부녀 정사
20168158,156700.jpg,0.00,156700,노천탕의 여주인
20168157,156698.jpg,0.00,156698,일본 온천 여행기
20168156,155099.jpg,0.00,155099,선녀 강림 - 평화를 위해
20168155,156696.jpg,0.00,156696,추천 극상 오일마사지
20168154,137346.jpg,8.07,137346,딥워터 호라이즌
20168153,156666.jpg,0.00,156666,선배부인과 비밀공유
20168152,156699.jpg,0.00,156699,대머리 오일마사지사
20168151,155169.jpg,0.00,155169,중년남과 고양이 여인의 동거
20168150,158458.jpg,0.00,158458,그녀의 황홀한 손놀림-마작
20168149,140557.jpg,8.04,140557,내 이름은 꾸제트
20168148,149596.jpg,4.38,149596,꿈꾸는 나비
20168146,153515.jpg,6.63,153515,아빠친구
20168145,152521.jpg,0.00,152521,맛의 기억
20168144,152519.jpg,0.00,152519,여름잠
20168143,152520.jpg,0.00,152520,그날의 기류
20168142,152517.jpg,10.00,152517,역귀
20168141,151873.jpg,9.33,151873,베스트컷
20168127,122566.jpg,6.25,122566,검은 집: 죽음을 보는 눈
20168126,153532.jpg,1.33,153532,19금 정사: 말할 수 없는 비밀
20168125,153799.jpg,2.00,153799,19금 만남의 목적
20168124,152518.jpg,0.00,152518,"중고, 폴"
20168123,150402.jpg,0.00,150402,노이즈
20168122,152514.jpg,8.33,152514,아무것도 아니지만
20168103,157428.jpg,0.00,157428,SM_음탕한 욕망
20168102,157429.jpg,9.00,157429,새아빠의 성노예
20168101,153392.jpg,0.00,153392,흑석미아
20168085,158467.jpg,7.29,158467,미용실 : 특별한 서비스
20168084,151890.jpg,0.00,151890,도르래
20168083,120795.jpg,7.66,120795,로즈
20168082,151897.jpg,8.00,151897,오픈 유어 아이즈
20168081,162401.jpg,0.00,162401,이스케이프
20168066,151050.jpg,0.00,151050,142B 동의 호랑이
20168065,154945.jpg,0.00,154945,나만 봐
20168064,154864.jpg,0.00,154864,풍선
20168063,152430.jpg,0.00,152430,나만의 블루아이
20168062,139861.jpg,0.00,139861,어니 비스킷
20168061,153519.jpg,4.73,153519,좀비드럭
20168043,154865.jpg,0.00,154865,사티의
20168042,154863.jpg,0.00,154863,우리 모두 좀비?
20168041,154508.jpg,9.59,154508,용순
20168023,158051.jpg,1.00,158051,포세이큰: 악령이 깃든 자
20168022,123292.jpg,8.50,123292,포트 블리스
20168021,149501.jpg,9.67,149501,타임 투게더
20168003,136826.jpg,8.27,136826,잠입자
20168002,23827.jpg,10.00,23827,흙에 산다
20168001,20953.jpg,7.50,20953,반도의 봄
20167988,154862.jpg,0.00,154862,희생양
20167987,151044.jpg,0.00,151044,기준점
20167985,151059.jpg,0.00,151059,아무 것도 안봐도 돼
20167984,151038.jpg,0.00,151038,북스 온 북스
20167983,151112.jpg,10.00,151112,중국 애니메이션 교육 : 소음 속의 침묵
20167982,152884.jpg,0.00,152884,비수
20167969,154932.jpg,0.00,154932,안트렉트
20167966,151067.jpg,0.00,151067,당신의 담장 안
20167965,161009.jpg,0.00,161009,슈팅스타
20167964,146799.jpg,0.00,146799,미워도 다시 한 방
20167963,147922.jpg,0.00,147922,시밀의 가정통신문
20167961,162457.jpg,0.00,162457,개
20167958,154861.jpg,0.00,154861,최종판결
20167957,129413.jpg,5.50,129413,이너데몬스
20167956,154933.jpg,0.00,154933,끝나지 않은 이야기 : 바보의 천국
20167954,154934.jpg,0.00,154934,할머니의 하루
20167953,154935.jpg,0.00,154935,투시자
20167952,154936.jpg,0.00,154936,블라인드 아이즈
20167951,154937.jpg,0.00,154937,쉬코아
20167950,154938.jpg,0.00,154938,맨 끝
20167949,148119.jpg,0.00,148119,골든 샷
20167948,154866.jpg,0.00,154866,새장' 가지치기
20167944,108026.jpg,0.00,108026,휴브리스
20167943,159184.jpg,0.00,159184,더 엄브렐라
20167923,126654.jpg,1.00,126654,스크림 더 데빌
20167922,142305.jpg,9.21,142305,핵소 고지
20167921,153485.jpg,7.82,153485,피의 암살자
20167907,144188.jpg,6.71,144188,도쿄 연애사건
20167906,157500.jpg,8.35,157500,마이펫 오지
20167905,152161.jpg,6.31,152161,비정규직 특수요원
20167904,134963.jpg,8.59,134963,라라랜드
20167902,152331.jpg,8.01,152331,보통사람
20167901,146544.jpg,7.73,146544,어느날
20167887,158475.jpg,0.00,158475,하숙집 러브스토리
20167886,120789.jpg,6.50,120789,영국 남자처럼 사랑하는 법
20167881,142888.jpg,0.00,142888,하늘은 흔들리고
20167874,131161.jpg,3.80,131161,둠스데이: 지구 최후의 전쟁
20167871,153106.jpg,0.00,153106,신들리다
20167867,149174.jpg,7.87,149174,그물
20167866,153060.jpg,0.00,153060,J.P. 쿠엔카의 죽음
20167861,153044.jpg,9.00,153044,부동산의 발라드 2
20167846,158489.jpg,0.00,158489,젊은 미용사의 화끈한 서비스
20167845,158474.jpg,0.00,158474,어느 여죄수의 비밀정사
20167844,158473.jpg,0.00,158473,불륜백서: 아내와 택배기사
20167843,155084.jpg,6.41,155084,스와핑 하던 날
20167842,153033.jpg,0.00,153033,"덕혜, 마지막 황녀"
20167841,153032.jpg,10.00,153032,노래아이
20167840,153031.jpg,0.00,153031,오늘보다 내일
20167839,125468.jpg,8.29,125468,벤허
20167838,140739.jpg,0.00,140739,아워네이션
20167837,147077.jpg,6.15,147077,프레셔스 카고: 프로 범죄단
20167836,153030.jpg,0.00,153030,지꺼지게 Turn Up!
20167835,153029.jpg,0.00,153029,지구나 지켜라
20167834,153028.jpg,10.00,153028,앵콜
20167833,152220.jpg,0.00,152220,라이브 클럽 그레이하운드
20167832,153027.jpg,0.00,153027,소녀상의 그림자가 된 사람들
20167831,153499.jpg,10.00,153499,쾌걸 조로리 : 우주의 용사들
20167830,143204.jpg,0.00,143204,마술피리
20167829,137946.jpg,9.26,137946,마차 타고 고래고래
20167826,128914.jpg,10.00,128914,멜로디: 대리모의 위험한 선택
20167825,153432.jpg,2.06,153432,파라노말 드라이브
20167823,153026.jpg,10.00,153026,루드페이퍼 : 로드 투 자메이카
20167821,153025.jpg,8.74,153025,시간의 종말
20167803,72279.jpg,6.25,72279,잃어버린 지구 속으로
20167802,153024.jpg,8.17,153024,인투 더 나잇
20167801,152977.jpg,0.00,152977,내가 너에게 배우는 것들
20167784,158269.jpg,5.40,158269,음란 선비
20167783,146481.jpg,7.18,146481,쿠로사키군의 말대로는 되지 않아
20167782,140237.jpg,6.92,140237,폴리스맨
20167781,65004.jpg,8.41,65004,분노의 주먹
20167768,154851.jpg,0.00,154851,커버미
20167767,154850.jpg,0.00,154850,피로도
20167766,154847.jpg,0.00,154847,츄츄랜드
20167765,154846.jpg,0.00,154846,정크 쇼
20167764,155093.jpg,0.00,155093,완벽한 와이프: 낮저밤이
20167763,154845.jpg,0.00,154845,데빌캣
20167762,115964.jpg,8.50,115964,어롱 더 로드사이드
20167761,152613.jpg,0.00,152613,다 해주는 여자
20167760,152614.jpg,0.00,152614,간통: 사장님의 아내
20167759,152615.jpg,0.00,152615,밀애 : 내 이웃의 유부녀들
20167758,153425.jpg,10.00,153425,젊은 제수씨
20167757,153424.jpg,10.00,153424,매춘: 내 아내와 딸
20167756,153426.jpg,0.00,153426,젊은 하숙집 아줌마
20167755,101843.jpg,6.56,101843,잉글리쉬 티처
20167754,148272.jpg,7.67,148272,존 버거의 사계
20167753,153219.jpg,6.50,153219,살아 숨쉬는 고전: 할리우드의 거장들
20167752,142473.jpg,6.00,142473,춤추는 마이코
20167751,156221.jpg,0.00,156221,아웃 오브 패션
20167750,130483.jpg,8.60,130483,숲 속에서
20167749,153221.jpg,6.50,153221,낯선 천국
20167748,147668.jpg,7.00,147668,100억의 식탁
20167747,153206.jpg,7.00,153206,페이스부키스탄
20167746,153207.jpg,8.50,153207,인생은 백 살부터
20167745,135297.jpg,8.33,135297,상냥한 앨리스
20167744,150148.jpg,9.00,150148,즐거운 나의 집
20167743,162585.jpg,0.00,162585,브라더스
20167742,135154.jpg,7.00,135154,나이스 피플
20167741,148779.jpg,0.00,148779,우리의 모국 프랑스
20167739,154840.jpg,10.00,154840,도담도담
20167738,52760.jpg,5.33,52760,더 인베이젼
20167737,154838.jpg,0.00,154838,땅콩을 찾아서
20167736,154836.jpg,0.00,154836,후루룩
20167735,153199.jpg,7.00,153199,바후루피야
20167734,153197.jpg,7.50,153197,남겨진 교실
20167733,148247.jpg,6.50,148247,그림자 속에서
20167732,147943.jpg,5.82,147943,화염의 바다
20167730,149982.jpg,6.50,149982,탐욕의 낙원
20167729,145891.jpg,7.33,145891,장벽 너머
20167728,146178.jpg,7.75,146178,앤서니 위너: 선거이야기
20167727,153203.jpg,7.67,153203,쇼크룸: 밀그램의 실험
20167726,146565.jpg,7.33,146565,사이버 세상에 대한 몽상
20167725,153204.jpg,7.00,153204,부서진 기억들
20167724,113080.jpg,7.00,113080,어메이징 캣피시
20167723,153205.jpg,0.00,153205,베트남 잊기
20167722,147855.jpg,7.25,147855,다이버
20167721,150024.jpg,7.67,150024,가마우지: 소년의 여름
20167720,128495.jpg,0.00,128495,"피델리오 - 바다의 여인, 앨리스"
20167719,153194.jpg,8.83,153194,천에 오십 반지하
20167718,124797.jpg,8.00,124797,파티걸
20167717,153195.jpg,10.00,153195,슬픈 늑대
20167716,102278.jpg,7.22,102278,트리플 엑스 리턴즈
20167715,153193.jpg,6.50,153193,멧돼지 사냥
20167714,144972.jpg,6.00,144972,데니스 로드맨의 평양방문기
20167713,153196.jpg,10.00,153196,X10
20167712,153201.jpg,8.33,153201,헛간의 마돈나
20167711,153198.jpg,7.00,153198,"하늘을 향한 여정, K2"
20167710,149948.jpg,9.17,149948,장미의 땅: 쿠르드의 여전사들
20167709,153202.jpg,7.00,153202,조나스의 뒷마당 서커스
20167708,152637.jpg,7.00,152637,아웃 런
20167707,138094.jpg,5.67,138094,콜 미 킹
20167706,149995.jpg,8.67,149995,아버지와 벌과 나
20167705,153200.jpg,8.75,153200,세븐 송즈
20167704,149435.jpg,9.00,149435,섀도 월드
20167703,151269.jpg,0.00,151269,배드 럭: 재수 없는 날
20167702,148827.jpg,0.00,148827,노 베이비즈 온 더 필드
20167701,151270.jpg,0.00,151270,베니스에서 만나요
20167696,154849.jpg,0.00,154849,호구
20167695,154848.jpg,10.00,154848,역할놀이
20167694,154842.jpg,10.00,154842,참사랑
20167693,154843.jpg,0.00,154843,사람이 사는 문
20167692,158492.jpg,0.00,158492,하숙집 누나의 욕정
20167691,154841.jpg,0.00,154841,허니데이
20167690,154839.jpg,0.00,154839,다 죽었어
20167689,149555.jpg,5.48,149555,여비서
20167688,154415.jpg,0.00,154415,더 웨딩
20167683,153431.jpg,0.00,153431,욕구불만 아내의 밀회
20167682,153433.jpg,0.00,153433,새색시의 비밀극장
20167678,150707.jpg,0.00,150707,해피엔드
20167675,134399.jpg,0.00,134399,펀치 앤 주디
20167672,159550.jpg,6.50,159550,먹이
20167671,154857.jpg,0.00,154857,괴수탕
20167669,127425.jpg,4.90,127425,드래곤 파이터 P-51
20167668,145544.jpg,6.75,145544,라스트 걸 스탠딩
20167667,132439.jpg,4.86,132439,피어 클리닉
20167666,122803.jpg,8.00,122803,마스터: 뒤틀린 사랑
20167665,152581.jpg,0.00,152581,실화 성생활의 고백
20167664,150578.jpg,0.00,150578,부인을 탐내는 능욕자들
20167663,150579.jpg,0.00,150579,아내의 젖은 블라우스
20167662,119445.jpg,7.40,119445,마법의 제왕
20167661,21236.jpg,9.50,21236,비오는 날의 오후 3시
20167645,137956.jpg,8.74,137956,맨체스터 바이 더 씨
20167644,130984.jpg,8.73,130984,발레리나
20167643,36309.jpg,8.86,36309,죽은 자와 산 자
20167642,61062.jpg,9.00,61062,실크 스타킹
20167641,152122.jpg,2.00,152122,유부녀 성노예생활
20167635,138569.jpg,8.33,138569,페기 구겐하임: 아트 애딕트
20167634,152604.jpg,0.00,152604,실제 인터넷만남 - 불륜
20167633,152594.jpg,0.00,152594,불륜사고-쌍방책임
20167632,152603.jpg,0.00,152603,불륜의 유부녀
20167631,144073.jpg,5.53,144073,슈퍼 밥
20167630,152593.jpg,0.00,152593,복숭아 엉덩이 여인
20167629,152117.jpg,0.00,152117,거울앞의 정사
20167628,127396.jpg,8.72,127396,캡틴 판타스틱
20167627,152592.jpg,10.00,152592,노예의 성욕-불기둥
20167626,152124.jpg,0.00,152124,유부녀의 하얀 속살
20167625,152120.jpg,0.00,152120,남편 후배의 야한 속삭임
20167624,152121.jpg,0.00,152121,미인 며느리의 뒤태
20167623,152123.jpg,0.00,152123,터져버린 마사지 부인
20167622,152105.jpg,0.00,152105,혼전 여직원의 연예
20167621,152104.jpg,0.00,152104,명품 주부의 유혹
20167606,153455.jpg,0.00,153455,나는 프랑스어를 못해요
20167605,150107.jpg,0.00,150107,섹스 스파이
20167604,150092.jpg,5.00,150092,섹스 칵테일: 바텐더
20167601,149722.jpg,6.33,149722,언케이지드
20167593,150254.jpg,0.00,150254,벌레
20167592,153458.jpg,7.00,153458,댄싱 인 더 레인
20167581,147532.jpg,9.40,147532,내추럴 디스오더
20167568,157482.jpg,4.36,157482,두 여자: 피의 복수
20167567,19738.jpg,8.67,19738,결사대작전
20167566,146395.jpg,7.17,146395,"금붕어, 여자"
20167565,153498.jpg,6.25,153498,하얼빈대전투: 일본군최후의날
20167563,127361.jpg,8.30,127361,이퀄스
20167562,109902.jpg,6.58,109902,스킵트레이스: 합동수사
20167543,104305.jpg,7.00,104305,엑소시즘 2017
20167542,140731.jpg,9.05,140731,분노의 질주: 더 익스트림
20167541,153414.jpg,0.00,153414,색다른 정사
20167524,153217.jpg,7.50,153217,학교 가는 길 4
20167523,153215.jpg,7.00,153215,학교 가는 길 3
20167522,153213.jpg,7.00,153213,학교 가는 길 2
20167521,153211.jpg,7.00,153211,학교 가는 길 1
20167518,153212.jpg,7.00,153212,스포츠 키즈 - 치어리더
20167517,153214.jpg,7.00,153214,스포츠 키즈 - 바이크 챔피언
20167516,146039.jpg,7.00,146039,스포츠 키즈 - 바리셀라
20167515,153216.jpg,7.00,153216,스포츠 키즈 - 댄싱 포 유
20167514,154746.jpg,0.00,154746,놀이
20167513,151100.jpg,10.00,151100,파우스트
20167510,97138.jpg,1.00,97138,개똥벌레
20167504,51477.jpg,0.00,51477,국도
20167503,148173.jpg,0.00,148173,스위미
20167501,160549.jpg,0.00,160549,라
20167483,10612.jpg,9.00,10612,풍운의 젠다성
20167481,144944.jpg,8.02,144944,맨 인 더 다크
20167462,153436.jpg,0.00,153436,기모노를 입은 아가씨
20167461,153435.jpg,0.00,153435,극장 치한
20167446,153452.jpg,10.00,153452,정글 택시
20167445,153454.jpg,0.00,153454,세상에서 가장 어깨가 넓은 사람
20167444,153413.jpg,4.00,153413,로라의 섹스 파트너
20167443,152183.jpg,8.87,152183,도시와 이야기
20167431,153450.jpg,0.00,153450,플라이쉬벨트
20167422,153404.jpg,0.00,153404,일 트로바토레
20167421,157416.jpg,0.00,157416,친구엄마: 서로의 엄마를 탐하다
20167402,157412.jpg,1.00,157412,서클 오브 데블
20167401,148316.jpg,4.57,148316,극장판 셀렉터: 디스트럭티드 위크로스
20167384,156690.jpg,9.67,156690,처녀 파티 2017
20167383,103327.jpg,10.00,103327,도망자 2016
20167381,153301.jpg,10.00,153301,"보이지 않는 잠자는 여인, 뒤집힌 배 그리고 나비"
20167365,154834.jpg,0.00,154834,평상
20167364,142632.jpg,9.28,142632,미스 슬로운
20167363,147092.jpg,9.38,147092,히든 피겨스
20167362,149248.jpg,9.44,149248,더 큐어
20167361,43521.jpg,6.47,43521,에드먼드
20167342,156679.jpg,1.00,156679,컴 아웃 파이팅
20167341,154660.jpg,0.00,154660,댐드
20167325,140735.jpg,3.61,140735,천재탐정 미타라이: 살인사건의 진실
20167324,134841.jpg,9.09,134841,라이언
20167323,156806.jpg,0.00,156806,썸씽
20167322,151260.jpg,10.00,151260,아름다운임종
20167321,84898.jpg,10.00,84898,페인트 통
20167303,135874.jpg,9.27,135874,스파이더맨: 홈 커밍
20167302,157413.jpg,0.00,157413,아내의 애인2
20167286,157519.jpg,7.10,157519,형의 여자
20167285,149050.jpg,8.82,149050,짱구는 못말려 극장판: 폭풍수면! 꿈꾸는 세계 대돌격
20167283,157423.jpg,10.00,157423,데스타운 2
20167282,144478.jpg,0.00,144478,터스크
20167281,153415.jpg,6.48,153415,러시아 엄마
20167262,157449.jpg,0.00,157449,이올란타 & 호두까기인형
20167261,130987.jpg,6.59,130987,메카닉: 리크루트
20167247,156629.jpg,5.60,156629,니코: 마법 세계로의 여행
20167246,148961.jpg,3.83,148961,대역전
20167245,153531.jpg,4.91,153531,정사: 은밀한 밀애
20167244,159146.jpg,0.00,159146,클럽 라이프
20167241,144845.jpg,8.60,144845,조루왕
20167228,102278.jpg,7.22,102278,리턴
20171363,155350.jpg,0.00,155350,5라운드
20171362,97097.jpg,0.00,97097,기억의 단편
20171361,147980.jpg,0.00,147980,후쿠시마 내 사랑
20171341,157422.jpg,0.00,157422,갑놈들
20171322,162935.jpg,0.00,162935,나와 함께 떠나
20171311,155353.jpg,0.00,155353,하교길
20171310,159598.jpg,3.67,159598,지하실
20171308,147909.jpg,0.00,147909,스푸트닉
20171307,155354.jpg,0.00,155354,나의 마지막 여름
20171306,159603.jpg,0.00,159603,어거스트
20171305,155349.jpg,0.00,155349,스파게티
20171304,138522.jpg,0.00,138522,남쪽 마지막 문
20171302,155142.jpg,0.00,155142,가해자
20171281,92413.jpg,9.09,92413,위대한 임무
20171261,159553.jpg,6.67,159553,퍼펙트 크라임
20171205,161205.jpg,9.10,161205,눈에는 눈
20171203,155352.jpg,0.00,155352,바다로부터 한 발자국 떨어진 곳에서
20171201,155347.jpg,0.00,155347,인형 도둑
20171184,154868.jpg,0.00,154868,우산 아저씨
20171183,155011.jpg,0.00,155011,여름의 끝
20171182,144685.jpg,8.37,144685,소중한 사람들
20171161,152487.jpg,7.00,152487,더 소노 시온: 소노 시온이라는 생물
20171141,160543.jpg,0.00,160543,러빙
20171121,158787.jpg,5.13,158787,포토그래퍼
20171104,155478.jpg,0.00,155478,당근수프와 함께한 화요일
20171062,136889.jpg,7.64,136889,투 러버스 앤 베어
20171061,140792.jpg,8.13,140792,나는 사랑과 시간과 죽음을 만났다
20171057,52947.jpg,6.00,52947,하수구
20171056,113869.jpg,6.63,113869,중독자
20171055,160393.jpg,0.00,160393,더 도어
20171054,155144.jpg,0.00,155144,완벽한 사회
20171052,154020.jpg,10.00,154020,삶은계란
20171050,158678.jpg,0.00,158678,사두용미
20171044,141217.jpg,6.27,141217,천량지전 : 새벽이 오기 전에
20171043,151130.jpg,6.72,151130,삼인행: 생존 게임
20171041,113280.jpg,7.67,113280,데드 파이트
20171021,140656.jpg,9.84,140656,커런트 워
20171001,156650.jpg,9.50,156650,이혼의 조건
20170983,155563.jpg,6.69,155563,특이점이 온 영화
20170982,82473.jpg,9.69,82473,캐리비안의 해적: 죽은 자는 말이 없다
20170981,158738.jpg,7.09,158738,섹스돌
20170941,143456.jpg,8.93,143456,우리들의 일기
20170930,159559.jpg,6.50,159559,사슬 - 두 여자의 유혹
20170928,155143.jpg,0.00,155143,바람 부는 언덕
20170924,155961.jpg,0.00,155961,윈스턴
20170923,144201.jpg,6.60,144201,퍼펙트 웨폰
20170922,159648.jpg,9.50,159648,그들이 진심으로 엮을 때(가제)
20170921,149059.jpg,8.21,149059,세일즈맨
20170901,158795.jpg,0.00,158795,착한 자매: 남편 교환의 날
20170881,158777.jpg,7.22,158777,글래디에이터: 더 토너먼트
20170861,159577.jpg,5.52,159577,어린 형수 2
20170841,154449.jpg,9.66,154449,리틀 포레스트
20170826,159551.jpg,0.00,159551,가면 무도회
20170824,159574.jpg,0.00,159574,착한 형수: 뜨거운 육체
20170823,159575.jpg,0.00,159575,하숙집: 아줌마와 세 남자
20170822,159584.jpg,0.00,159584,이웃집 여자: 기 빨리는 남자
20170801,152865.jpg,0.00,152865,애니멀즈
20170786,111079.jpg,7.00,111079,우리 동네 히어로
20170784,155808.jpg,0.00,155808,친구아빠 무삭제
20170783,159573.jpg,10.00,159573,새엄마: 화려한 기술
20170782,159583.jpg,0.00,159583,에로 쇼핑몰
20170781,159566.jpg,0.00,159566,사이드트랙크드
20170762,159595.jpg,5.50,159595,데블스 윙즈
20170761,142255.jpg,7.52,142255,걸 온 더 트레인
20170741,162232.jpg,0.00,162232,지니어스
20170721,160401.jpg,0.00,160401,남방한계선
20170701,144012.jpg,7.25,144012,야공작
20170681,159565.jpg,8.00,159565,유어 뷰티풀
20170662,158759.jpg,0.00,158759,젊은 이모들: 어린 남자를 탐하다
20170661,155899.jpg,0.00,155899,겨울나무
20170657,158704.jpg,0.00,158704,일본대침몰: 야쿠자 대전쟁
20170656,140257.jpg,6.52,140257,슬립리스: 크리미널 나이트
20170655,81938.jpg,10.00,81938,기숙학교: 금지된 일탈
20170650,159549.jpg,10.00,159549,착한 엄마들: 서로의 아들에게 여자가 되던 날
20170649,155881.jpg,9.68,155881,내일도 미래라면
20170648,154010.jpg,8.20,154010,37m/s
20170624,159402.jpg,5.40,159402,깊은 사정
20170623,158634.jpg,7.34,158634,가족의 재구성
20170601,162960.jpg,0.00,162960,맥북이면 다 되지요
20170590,158191.jpg,6.15,158191,1987(가제)
20170585,162464.jpg,0.00,162464,나만 없는 집
20170584,162169.jpg,0.00,162169,한낮의 우리
20170583,151703.jpg,0.00,151703,파스타
20170581,109913.jpg,4.55,109913,크로우즈 익스플로드
20170561,137326.jpg,8.99,137326,블랙 팬서
20170521,162852.jpg,0.00,162852,12
20170512,151124.jpg,0.00,151124,인 더 룸
20170511,126011.jpg,8.44,126011,"카페, 한 사람을 기다리다"
20170509,159408.jpg,8.99,159408,극장판 소드 아트 온라인 -오디널 스케일-
20170508,152888.jpg,0.00,152888,콜렉터
20170507,150823.jpg,0.00,150823,을의 세상
20170505,161641.jpg,0.00,161641,스테이
20170504,142511.jpg,8.00,142511,버킷리스트
20170502,129659.jpg,0.00,129659,랑데뷰
20170501,140032.jpg,8.75,140032,디데이
20170488,151190.jpg,10.00,151190,허니문 호텔 살인사건
20170487,137904.jpg,4.08,137904,실종 : 택시 납치 사건
20170486,122096.jpg,9.40,122096,뷰티풀 2014
20170484,158026.jpg,0.00,158026,더 넘버
20170483,117499.jpg,7.00,117499,꼬꼬
20170482,144772.jpg,5.45,144772,거리
20170481,147049.jpg,9.75,147049,잇 로컬
20170461,118936.jpg,6.50,118936,개인 맞춤 제작
20170441,158790.jpg,1.85,158790,가미카제
20170421,146200.jpg,9.08,146200,아뉴스 데이
20170402,155665.jpg,8.63,155665,강철비
20170401,146579.jpg,6.41,146579,아폴로 프로젝트
20170386,161834.jpg,0.00,161834,해피뻐스데이
20170385,160218.jpg,8.00,160218,아마도 내일은
20170384,140895.jpg,8.53,140895,더 아이돌
20170383,159400.jpg,7.73,159400,모놀리스
20170382,158751.jpg,7.00,158751,개구리왕국 2
20170381,159407.jpg,7.51,159407,매직키드 보보
20170363,157407.jpg,6.91,157407,쥬라기 테러
20170362,158494.jpg,10.00,158494,음양팔괘장: 6인의 고수
20170361,141337.jpg,5.00,141337,폴터가이스트 액티비티
20170346,123568.jpg,5.72,123568,드래곤 워
20170345,158493.jpg,4.83,158493,팔극권: 불공대천
20170344,158722.jpg,4.59,158722,스나이퍼
20170343,129673.jpg,0.00,129673,프렌치 커넥션: 마약 수사
20170342,155228.jpg,8.77,155228,아버지와 이토씨
20170341,123271.jpg,6.89,123271,아워 카인드 오브 트레이터
20170322,147090.jpg,5.00,147090,더 트러스트
20170321,153964.jpg,9.76,153964,목소리의 형태
20170304,154601.jpg,8.05,154601,디지몬 어드벤처 트라이 제4장: 상실
20170303,159403.jpg,4.00,159403,은둔자: 끝나지 않은 저주
20170302,149757.jpg,9.71,149757,윈드 리버
20170301,136829.jpg,9.00,136829,더 보이스
20170266,159599.jpg,0.00,159599,변태욕구
20170264,159600.jpg,0.00,159600,아내의 외도
20170262,55015.jpg,6.00,55015,벨라미
20170261,126782.jpg,0.00,126782,베티
20170246,19241.jpg,0.00,19241,타잔과 친구들
20170245,113344.jpg,8.34,113344,사기
20170244,160084.jpg,0.00,160084,플레저 파티
20170243,63911.jpg,7.00,63911,어두워지기 전에
20170242,77987.jpg,8.33,77987,세 번째 사랑
20170241,144927.jpg,7.67,144927,23 아이덴티티
20170221,154153.jpg,0.00,154153,골드
20170201,155147.jpg,0.00,155147,보물섬을 찾아서
20170184,155148.jpg,0.00,155148,빨래터의 수다
20170182,155148.jpg,0.00,155148,빨래터의 수다
20170165,156630.jpg,0.00,156630,긴자처녀경매-야광화
20170164,158480.jpg,0.00,158480,새엄마 엿보기 - 흔들리는 가슴과 허리
20170163,160261.jpg,0.00,160261,밤섬해적단 서울불바다
20170162,157433.jpg,0.00,157433,새엄마의 요염한 속옷
20170161,156663.jpg,0.00,156663,폭유 여관주인님
20170143,157487.jpg,0.00,157487,사내 성욕 처리반
20170142,156616.jpg,0.00,156616,왕창 터진 거유미망인
20170141,156662.jpg,0.00,156662,음란 하숙집의 서비스
20170134,158711.jpg,0.00,158711,중년 부부의 섹스 교육
20170132,155146.jpg,0.00,155146,단거리 주자의 고독
20170131,155145.jpg,0.00,155145,빨간 모자 이야기
20170129,154517.jpg,5.67,154517,천하대전 : 왕좌의 전쟁
20170128,156633.jpg,0.00,156633,사랑의 한방울까지-즙남
20170127,157434.jpg,0.00,157434,훔쳐보는 옆집 거유녀
20170126,156664.jpg,0.00,156664,같이 목욕하는 가정교사
20170125,157488.jpg,0.00,157488,알바녀 가슴 조이기
20170124,159054.jpg,9.57,159054,명탐정 코난 진홍의 연가
20170123,156628.jpg,0.00,156628,누드모델과 화가
20170122,156639.jpg,0.00,156639,여자화장실의 야릇한 밀실
20170121,158762.jpg,0.00,158762,불량소녀와 모텔도전
20170102,158745.jpg,0.00,158745,간호사와 음란 마사지
20170101,158746.jpg,0.00,158746,나쁜남자 마사지사
20170081,155207.jpg,0.00,155207,어둠 속의 휘파람
20170062,155206.jpg,0.00,155206,Junk of the Heart
20170061,70679.jpg,9.59,70679,뛰어들다
20170021,142262.jpg,8.14,142262,절벽 위의 트럼펫
20169986,137972.jpg,8.22,137972,미스터 캣
20169984,119436.jpg,6.00,119436,빅 스카이
20169983,146032.jpg,0.00,146032,우리는 보안관
20169981,156265.jpg,0.00,156265,화학
20169980,162577.jpg,0.00,162577,로드
20169979,140299.jpg,0.00,140299,잭슨 하이츠에서
20169978,147413.jpg,0.00,147413,클로드 란즈만: 쇼아의 유령
20169977,148032.jpg,0.00,148032,카메라를 든 사람
20169970,150932.jpg,0.00,150932,마지막 반란
20169969,150916.jpg,0.00,150916,델리에서 잠드는 법
20169968,146197.jpg,0.00,146197,세계가 충돌할 때
20169967,149801.jpg,0.00,149801,침묵을 찾아서
20169965,79245.jpg,9.29,79245,풋! 고추 이야기
20169964,108010.jpg,6.00,108010,흉가괴담
20169963,145378.jpg,0.00,145378,음란한 여관 여주인 : 빈방있어요!
20169962,138558.jpg,0.00,138558,러브트루
20169960,147597.jpg,0.00,147597,모든 얼굴엔 이름이 있다
20169959,154561.jpg,10.00,154561,비터 머니
20169956,154555.jpg,1.00,154555,"보이지 않는 도시, 홍콩"
20169955,154554.jpg,0.00,154554,붉은 옷
20169954,154553.jpg,0.00,154553,마지막 공산주의자
20169953,153937.jpg,0.00,153937,다마키 가족의 봄
20169952,145527.jpg,0.00,145527,시리아 러브스토리
20169951,151935.jpg,10.00,151935,사랑의 덫
20169950,153385.jpg,0.00,153385,너무 많이 본 남자
20169949,146192.jpg,0.00,146192,소년을 위한 나라는 없다
20169948,149944.jpg,0.00,149944,어느 독일인의 삶
20169947,148291.jpg,0.00,148291,뎁스 투
20169946,127843.jpg,0.00,127843,짧은 기억
20169945,144690.jpg,8.50,144690,해피엔딩
20169943,154134.jpg,7.50,154134,빈야드: 레드 와인의 저주
20169923,149462.jpg,0.00,149462,이상한 계곡
20169907,153516.jpg,6.18,153516,여직원들 : 직장연애사
20169906,153804.jpg,0.00,153804,노리개: 친구의 아내
20169904,154139.jpg,0.00,154139,새엄마: 금지된 욕망
20169903,154138.jpg,0.00,154138,그라비아 아이돌의 운명
20169884,153805.jpg,10.00,153805,여의사의 섹스치료
20169866,147921.jpg,0.00,147921,"그해 여름, 니나"
20169865,147136.jpg,0.00,147136,영화를 말하다
20169864,144677.jpg,0.00,144677,인디고
20169863,152461.jpg,0.00,152461,올인
20169803,102821.jpg,8.20,102821,어 롱 웨이 다운
20169784,33357.jpg,0.00,33357,"1997, 여름"
20169764,154133.jpg,7.38,154133,백설공주 : 사라진 아빠를 찾아서
20169743,136947.jpg,5.88,136947,심용결: 잃어버린 전설
20169730,151154.jpg,6.93,151154,당신자신과 당신의 것
20169728,142265.jpg,9.50,142265,알피니스트
20169727,115096.jpg,0.00,115096,에픽 오브 에베레스트
20169725,117778.jpg,10.00,117778,내 친구 나누크
20169690,153507.jpg,10.00,153507,레이싱: 더 라이벌
20169689,138615.jpg,7.17,138615,더 워너비-존 고티
20169688,144009.jpg,9.20,144009,파노스와 요르고스 그리고 당나귀
20169684,134560.jpg,8.50,134560,메루
20169663,155343.jpg,10.00,155343,시험
20169649,156274.jpg,5.50,156274,엄마 풍경 집
20169647,153995.jpg,10.00,153995,그 자리
20169646,146077.jpg,0.00,146077,흔적
20169643,153642.jpg,9.56,153642,침묵(가제)
20169623,153525.jpg,0.00,153525,음탕한 아내: 남자의 맛
20169603,148390.jpg,6.55,148390,콜리션
20169584,154116.jpg,0.00,154116,미친 폭주녀의 도발
20169583,154115.jpg,0.00,154115,치명적 몸부림
20169564,154113.jpg,0.00,154113,육식녀 초식남 강간사건
20169563,154141.jpg,0.00,154141,길거리 쌈녀의 섹스 트레이닝
20169544,154103.jpg,0.00,154103,불륜조사보고서-실황
20169543,142308.jpg,7.86,142308,하이에나 로드
20169524,153518.jpg,6.61,153518,라스트솔져
20169523,154119.jpg,0.00,154119,친절한 하숙집
20169507,162457.jpg,0.00,162457,침묵
20169498,154748.jpg,0.00,154748,언더커버 파라다이스
20169490,154571.jpg,0.00,154571,골목의 이야기
20169464,151962.jpg,9.75,151962,가현이들
20169463,154573.jpg,9.47,154573,앙뚜
20169448,154215.jpg,8.00,154215,수필
20169447,154560.jpg,0.00,154560,영돼와 돼영이
20169446,154559.jpg,0.00,154559,9와 0 사이
20169445,154558.jpg,10.00,154558,엄마의 상자
20169444,154557.jpg,9.00,154557,19禁
20169443,153936.jpg,10.00,153936,공동정범
20169428,137919.jpg,9.50,137919,바람커피로드
20169427,154570.jpg,10.00,154570,난잎으로 칼을 얻다
20169426,154569.jpg,0.00,154569,용왕궁의 기억
20169425,154568.jpg,7.50,154568,촌구석
20169424,139493.jpg,0.00,139493,1998년 베이루트
20169383,153497.jpg,7.64,153497,엄마친구 2
20169366,153517.jpg,6.83,153517,부부의 스폰서
20169365,146796.jpg,0.00,146796,이발소에서
20169364,142585.jpg,0.00,142585,별이 빛나는 밤에
20169363,152454.jpg,0.00,152454,스무 개의 성냥개비
20169348,149221.jpg,9.26,149221,대립군
20169347,146779.jpg,0.00,146779,다크넷
20169346,147741.jpg,0.00,147741,듀크의 하룻밤
20169345,152453.jpg,0.00,152453,누가 있어
20169344,154781.jpg,0.00,154781,달팽이들
20169343,153462.jpg,2.67,153462,너클본
20169323,148863.jpg,0.00,148863,안도 타다오
20169305,144985.jpg,10.00,144985,해피 아워
20169304,146151.jpg,10.00,146151,잠자는 소녀
20169303,148408.jpg,0.00,148408,앙겔레스쿠 가족
20169302,153777.jpg,0.00,153777,섹시비서의 은밀한 임무
20169286,159052.jpg,0.00,159052,가시
20169285,149341.jpg,0.00,149341,커브
20169284,162231.jpg,0.00,162231,이태원
20169283,154186.jpg,10.00,154186,소년과 새
20169270,153933.jpg,0.00,153933,안녕 히어로
20169269,153932.jpg,9.00,153932,올 리브 올리브
20169268,152452.jpg,0.00,152452,기계공의 사랑
20169267,146790.jpg,0.00,146790,2037
20169266,158551.jpg,0.00,158551,그 날
20169265,147987.jpg,10.00,147987,돈 콜 미 선
20169264,154114.jpg,6.96,154114,상간녀
20169263,87734.jpg,0.00,87734,엘레노
20169262,149508.jpg,0.00,149508,위 어 투게더
20169242,140716.jpg,4.39,140716,마이 베이커리 인 뉴욕
20169223,153434.jpg,0.00,153434,은밀한 온실정사
20169222,153410.jpg,0.00,153410,면접의 목적
20169202,149152.jpg,7.00,149152,브레이크다운
20169163,134754.jpg,5.86,134754,데드 라이징: 와치타워
20169162,144109.jpg,6.83,144109,극장령
20169142,153412.jpg,4.67,153412,스페셜포스: 더블 타겟
20169130,157302.jpg,0.00,157302,팔로우
20169122,140693.jpg,6.43,140693,아이 엠 어 히어로
20169105,154111.jpg,8.34,154111,형님아내2
20169104,153459.jpg,0.00,153459,안개낀 밤의 데이트
20169103,13066.jpg,8.13,13066,어두워질 때까지
20169085,153926.jpg,10.00,153926,바닥을 듣는 아이
20169084,162418.jpg,0.00,162418,자전거
20169083,152880.jpg,10.00,152880,서울누나
20169082,109010.jpg,4.18,109010,엑소시즘: 죽음의 소리
20169065,153788.jpg,0.00,153788,야한 체온-백의의천사
20169064,153520.jpg,0.00,153520,거유천국-안마천국
20169063,153530.jpg,0.00,153530,책상 밑의 비서 생활
20169062,152118.jpg,0.00,152118,관능 러브 스토리
20169046,152584.jpg,0.00,152584,최면섹스-상담테크닉
20169045,152579.jpg,0.00,152579,명품 몸매의 유부녀
20169044,153521.jpg,0.00,153521,두마리 여우와의 정사
20169043,152583.jpg,0.00,152583,젖은 유니폼의 병원
20169042,152179.jpg,0.00,152179,길가다 주운 여자
20169040,145676.jpg,0.00,145676,상담
20169039,153929.jpg,7.00,153929,문화와 생활
20169037,138338.jpg,0.00,138338,팔로우미
20169035,153792.jpg,0.00,153792,음탕한 성욕유부녀
20169034,138877.jpg,9.10,138877,"불량소녀, 너를 응원해!"
20169033,152580.jpg,0.00,152580,선배에게 놀아난 섹스
20169032,153529.jpg,0.00,153529,젊은 아줌마 맛보기
20169031,152605.jpg,0.00,152605,폭유! 가정교사
20169030,153778.jpg,0.00,153778,거유 버스가이드
20169029,152602.jpg,0.00,152602,무릎배개의 유혹
20169028,154107.jpg,7.44,154107,토마스와 친구들: 용감한 기관차와 괴물소동
20169026,152582.jpg,0.00,152582,음란부인의 쾌락
20169025,152180.jpg,0.00,152180,결혼할 남자 있어요
20169024,146756.jpg,9.17,146756,환상
20169023,148825.jpg,0.00,148825,찬드라
20169022,144501.jpg,0.00,144501,컬러 오브 아시아 - 뉴커머스
20169002,153961.jpg,9.80,153961,인터뷰
20168982,132982.jpg,7.86,132982,태평륜 피안
20168946,149045.jpg,0.00,149045,바르셀로나 크리스마스 나잇
20168945,125402.jpg,7.00,125402,룸메이트 살인사건: 둘만의 방
20168944,142362.jpg,6.88,142362,빌로우: 적과의 동거
20168902,149018.jpg,7.78,149018,선탠
20168892,139452.jpg,6.88,139452,이중섭의 아내
20168891,143495.jpg,9.14,143495,설리: 허드슨강의 기적
20168890,149269.jpg,6.77,149269,사도행자: 특별수사대
20168889,91891.jpg,10.00,91891,울트라맨 제로: 베리알 은하제국
20168887,148933.jpg,7.11,148933,라스트 킹: 왕가의 혈투
20168886,154109.jpg,1.50,154109,뒤얽힌 관계
20168885,143456.jpg,8.93,143456,브리짓 존스의 베이비
20168882,149797.jpg,8.40,149797,킹스글레이브: 파이널 판타지 XV
20168863,154120.jpg,0.00,154120,19 섹스 맛있는 속 궁합
20168862,150740.jpg,0.00,150740,엔드롤러스
20168843,146160.jpg,8.25,146160,미국에서 온 모리스
20168842,127390.jpg,8.34,127390,위풍당당 질리 홉킨스
20168824,144202.jpg,7.94,144202,런던 타운
20168823,148248.jpg,9.83,148248,애정중독
20168822,157561.jpg,0.00,157561,디시에르토
20168815,158774.jpg,0.00,158774,내 아내의 불륜
20168814,162422.jpg,10.00,162422,바이러스
20168812,155930.jpg,0.00,155930,스포트라이트
20168807,21918.jpg,9.50,21918,악마의 제자들
20168805,111440.jpg,0.00,111440,캠퍼스 킬러
20168804,151463.jpg,6.07,151463,보디가드: 도시정벌
20168803,149507.jpg,8.43,149507,폴더: 살인게임
20168800,146991.jpg,9.91,146991,질투
20168797,155528.jpg,0.00,155528,아무도 모르게
20168796,158252.jpg,10.00,158252,시인
20168793,151273.jpg,10.00,151273,홀
20168792,159859.jpg,10.00,159859,봄
20168788,155039.jpg,0.00,155039,텅빈
20168787,92285.jpg,2.50,92285,경멸
20168786,31074.jpg,5.86,31074,휴머니스트
20168783,147291.jpg,0.00,147291,하우즈
20168782,154102.jpg,6.80,154102,외박: 친구의 여자
20168780,160600.jpg,0.00,160600,콜
20168778,162165.jpg,0.00,162165,장례난민
20168769,141440.jpg,4.43,141440,"티에나: 10,000년 후"
20168768,70923.jpg,9.40,70923,빛나는 졸업장
20168767,136544.jpg,8.40,136544,"리자의 달콤, 살벌한 연애"
20168766,149629.jpg,9.85,149629,종이 비행기
20168765,53466.jpg,10.00,53466,바우덕이
20168764,125461.jpg,5.76,125461,네온 데몬
20168763,153526.jpg,0.00,153526,무림시대: 4대 고수전
20168762,152608.jpg,4.56,152608,마스: 화성으로 가는 길
20168760,155846.jpg,0.00,155846,소음
20168758,158781.jpg,7.63,158781,딸의 친구
20168757,154022.jpg,10.00,154022,전학생
20168756,158266.jpg,8.28,158266,바다
20168755,161404.jpg,0.00,161404,가까이
20164682,149561.jpg,0.00,149561,참을 수 없는 엉덩이
20164681,149570.jpg,0.00,149570,음탕한 아내와 사랑할때
20164667,111896.jpg,0.00,111896,한 여름밤의 꿈
20164662,128659.jpg,7.63,128659,디브
20164661,161961.jpg,0.00,161961,아이 엠 히어
20164650,156354.jpg,0.00,156354,오하마나
20164648,156653.jpg,0.00,156653,포스카리가의 두 사람
20164643,156337.jpg,8.46,156337,재꽃
20164642,127322.jpg,8.71,127322,폴링 스노우
20164641,150552.jpg,7.45,150552,감출 수 없는 본능-몰카
20164622,119868.jpg,5.33,119868,메가 사이클론 스톰
20164621,146480.jpg,9.52,146480,덩케르크
20164607,155637.jpg,7.22,155637,헬릭스
20164606,86534.jpg,6.77,86534,신밧드: 제5의 항해
20164605,155791.jpg,0.00,155791,과부의 속사정
20164604,139801.jpg,0.00,139801,대지
20164603,160082.jpg,0.00,160082,이반
20164602,151244.jpg,0.00,151244,아에로그라드
20164601,149563.jpg,1.00,149563,좀비 : 플레그
20164583,149542.jpg,4.22,149542,형수님과의 하룻밤
20164581,149606.jpg,3.00,149606,에코 이펙트
20164565,130947.jpg,4.26,130947,캐빈 피버: 블러디 홀리데이
20164564,151020.jpg,0.00,151020,버차이나 모놀로그
20164563,138763.jpg,0.00,138763,승리의 날
20164562,124452.jpg,0.00,124452,자매에게 정의를
20164561,140788.jpg,4.50,140788,언컨셔스
20164543,133442.jpg,5.88,133442,홍콩은 언제나 내일
20164541,152072.jpg,4.00,152072,타부-새누나
20164528,156324.jpg,7.50,156324,니트로 러쉬
20164527,156323.jpg,6.62,156323,부릉! 부릉! 브루미즈: 스피더의 모험 일기
20164526,154055.jpg,8.14,154055,"나의 위대한 친구, 세잔"
20164525,152078.jpg,0.00,152078,노리코의 은밀한 사생활
20164524,152077.jpg,0.00,152077,젊은 여형사의 섹스수사
20164523,152076.jpg,0.00,152076,리나의 좋은 가슴
20164522,108540.jpg,5.50,108540,굿나잇 레인의 악령
20164521,137884.jpg,8.38,137884,극장판 요괴워치: 염라대왕과 5개의 이야기다냥!
20164510,97718.jpg,7.86,97718,아웃레이지 비욘드
20164509,135173.jpg,0.00,135173,네 명의 청춘들
20164508,151016.jpg,0.00,151016,"자매, 엄마, 딸"
20164507,141383.jpg,0.00,141383,정장 바지
20164506,151019.jpg,0.00,151019,나의 십대 시절
20164505,123288.jpg,0.00,123288,책 속의 소녀
20164504,150992.jpg,0.00,150992,팔씨름 대회
20164503,155562.jpg,8.00,155562,발레뤼스
20164502,129038.jpg,5.19,129038,킥복서 리턴즈
20164501,129383.jpg,8.46,129383,미스 페레그린과 이상한 아이들의 집
20164485,154379.jpg,9.14,154379,"내 어깨 위 고양이, 밥"
20164484,154721.jpg,0.00,154721,빛을 따라서
20164483,154832.jpg,0.00,154832,"울렁, 도"
20164482,151205.jpg,0.00,151205,하이 & 마이티
20164481,149517.jpg,9.00,149517,유리정원
20164466,151203.jpg,0.00,151203,볼더팅
20164465,154829.jpg,0.00,154829,남극의 드림팀
20164464,154830.jpg,0.00,154830,등반금지
20164463,150001.jpg,0.00,150001,E.B.C. 5300m
20164462,154827.jpg,0.00,154827,I-View
20164461,161190.jpg,0.00,161190,셀
20164444,154345.jpg,10.00,154345,울프라이징
20164443,154820.jpg,0.00,154820,스토리 오브 안나푸르나
20164442,98443.jpg,3.78,98443,옹박 4: 리얼 액션 마스터
20164441,145395.jpg,0.00,145395,위기의 유부녀: 남편과는 다른 맛
20164426,137689.jpg,4.75,137689,공포의 호수
20164425,154816.jpg,0.00,154816,눈송이
20164424,154353.jpg,9.23,154353,대장 김창수
20164423,123771.jpg,0.00,123771,메아리 마을
20164422,154720.jpg,0.00,154720,파나로마
20164421,118307.jpg,7.17,118307,어쌔신 크리드
20164405,155808.jpg,0.00,155808,아빠친구-무삭제판
20164404,143478.jpg,5.00,143478,여자전쟁: 여자의 이유
20164403,160982.jpg,4.90,160982,원나잇스탠드
20164402,74252.jpg,7.00,74252,원스 폴른
20164400,160699.jpg,0.00,160699,톰
20164399,154819.jpg,0.00,154819,소중한 순간들
20164398,140312.jpg,0.00,140312,고독한 승리
20164397,151204.jpg,0.00,151204,홀스슈 목장의 무법자들
20164396,154815.jpg,0.00,154815,구름 위의 사무엘
20164395,154826.jpg,0.00,154826,한계는 있다
20164394,154818.jpg,0.00,154818,모팻과 나
20164393,146906.jpg,0.00,146906,더 플레이스
20164392,154837.jpg,0.00,154837,카스카고리
20164391,147812.jpg,7.00,147812,레아: 더 안드로이드
20164389,156322.jpg,9.33,156322,엄마의 공책: 기억의 레시피
20164388,146198.jpg,7.90,146198,스노우타임
20164387,142306.jpg,7.14,142306,미스터 라잇
20164386,66858.jpg,0.00,66858,다시 만개한 꽃: 페드로 코스타
20164385,84216.jpg,7.32,84216,뼈
20164381,116938.jpg,9.56,116938,로맨스가 필요해
20164362,148468.jpg,4.33,148468,엔티티: 죽음의 웹사이트
20164324,153502.jpg,4.33,153502,속살
20164323,155666.jpg,4.00,155666,게임회사 여직원들
20164322,146966.jpg,8.78,146966,대세는 백합
20164321,150555.jpg,0.00,150555,야설 쓰는 여자
20164305,125805.jpg,8.50,125805,출중한 여자
20164304,135851.jpg,0.00,135851,썸남썸녀
20164303,150554.jpg,3.71,150554,나만의 승진 테크닉
20164302,150556.jpg,4.71,150556,레드: 위험한 유혹
20164301,150576.jpg,5.26,150576,엄딸
20164288,154822.jpg,0.00,154822,유렉
20164287,154823.jpg,0.00,154823,쿠냥 츠히시 동봉
20164286,155479.jpg,0.00,155479,이클립스
20164285,148777.jpg,0.00,148777,호랑이 그리기
20164284,153916.jpg,0.00,153916,드날리
20164283,151202.jpg,10.00,151202,빅맨
20164282,102872.jpg,5.08,102872,레프트 비하인드 : 휴거의 시작
20164281,143823.jpg,7.36,143823,여자전쟁: 비열한 거래
20164268,155978.jpg,3.35,155978,맛 2016: 삼시색기
20164267,147629.jpg,0.00,147629,K2: 보이지 않는 걸음
20164266,151201.jpg,0.00,151201,골든게이트
20164265,154824.jpg,0.00,154824,크리스 보닝턴의 삶과 등반
20164264,154821.jpg,0.00,154821,어크로스 더 스카이
20164261,143220.jpg,0.00,143220,의사들
20164242,155106.jpg,3.08,155106,미이라: 황제의 부활
20164227,155092.jpg,0.00,155092,두 얼굴 그녀와의 정사
20164226,130345.jpg,7.67,130345,들꽃
20164225,155626.jpg,0.00,155626,내 이웃의 아내: 부부교환
20164223,154112.jpg,8.07,154112,나쁜놈들
20164222,70727.jpg,0.00,70727,앉짜
20164203,155117.jpg,1.00,155117,정사: 불륜의 맛
20164202,138247.jpg,8.50,138247,"나 홀로, 후쿠시마"
20164201,122625.jpg,9.00,122625,휴먼 캐피탈
20164200,152162.jpg,9.57,152162,빈센트
20164199,22242.jpg,0.00,22242,여판사
20164198,149515.jpg,0.00,149515,호스트 네이션
20164197,116895.jpg,3.25,116895,전사 씨야마
20164196,150997.jpg,7.50,150997,수담
20166880,152819.jpg,0.00,152819,쿡쿠 추
20166879,152816.jpg,0.00,152816,시뮬레이터
20166878,152818.jpg,0.00,152818,코디
20166877,152814.jpg,0.00,152814,메이킹 트랙스
20166876,153219.jpg,6.50,153219,숨
20166875,152561.jpg,0.00,152561,카타쿠로켄
20166874,151060.jpg,0.00,151060,앵무새처럼
20166873,152557.jpg,0.00,152557,그래서 만약 내가 못하면?
20166872,152541.jpg,0.00,152541,흠
20166871,152540.jpg,0.00,152540,발표
20166870,152550.jpg,0.00,152550,나는 초원에서 왔다
20166868,129098.jpg,7.14,129098,홍금보의 보디가드
20166866,153402.jpg,0.00,153402,트럭걸의 사랑이야기
20166865,152428.jpg,0.00,152428,그녀가 부른다
20166864,139505.jpg,0.00,139505,마노맨
20166862,142577.jpg,0.00,142577,윌리 빙엄의 경우
20166861,149642.jpg,0.00,149642,밤이면 밤마다
20166860,156658.jpg,0.00,156658,유부녀의 위험한 알바-위층 남자와
20166845,153296.jpg,0.00,153296,BIFAN2016 판타스틱 단편 걸작선 1
20166828,14261.jpg,8.12,14261,청춘사업
20166826,156645.jpg,4.86,156645,내 친구의 아내 2
20166824,156659.jpg,0.00,156659,이상한 가족
20166823,156657.jpg,0.00,156657,오오바 유이의 고민상담
20166804,156656.jpg,0.00,156656,깨어보니 다른 남편과...
20166802,152165.jpg,10.00,152165,잔다라 어게인:불멸의 사랑 PART 2
20166801,142311.jpg,6.00,142311,걸스 로스트
20166783,139418.jpg,9.86,139418,실버벨
20166782,107090.jpg,3.33,107090,쿨하니까 괜찮아
20166781,155648.jpg,0.00,155648,베어풋
20166771,147206.jpg,0.00,147206,피포핑비니
20166770,137759.jpg,4.00,137759,좀비월드
20166769,155070.jpg,0.00,155070,작디 작은 여우
20166768,151686.jpg,10.00,151686,정글의 법칙
20166767,155069.jpg,0.00,155069,작은 씨앗
20166766,147197.jpg,0.00,147197,십일월
20166765,156637.jpg,3.00,156637,아포칼립스: 지하세계
20166764,157857.jpg,4.91,157857,블랙 로즈
20166763,152595.jpg,0.00,152595,신랑은 몰라요-바람
20166762,152162.jpg,9.57,152162,빈센트
20166751,156636.jpg,7.40,156636,아빠는 포르노스타
20166750,151800.jpg,0.00,151800,더 정글
20166749,120150.jpg,7.75,120150,아이온크래드2: 피의 전투
20166748,152555.jpg,0.00,152555,전혀
20166747,152558.jpg,0.00,152558,햄릿. 코메디.
20166746,151033.jpg,0.00,151033,마미
20166744,152539.jpg,0.00,152539,워터 릴리
20166743,152574.jpg,0.00,152574,더 인섹트
20166742,152573.jpg,0.00,152573,더 위시그란터
20166741,152562.jpg,0.00,152562,뮤직디오
20166740,151535.jpg,0.00,151535,다시 말해서
20166739,152572.jpg,0.00,152572,노-고 존
20166738,145077.jpg,0.00,145077,여우 이야기
20166737,160274.jpg,0.00,160274,로스
20166735,150706.jpg,0.00,150706,폭풍의 눈
20166733,129656.jpg,0.00,129656,파리스
20166732,152560.jpg,0.00,152560,독일단어 등을 볼 때 뇌에서 일어나는 일
20166731,152547.jpg,0.00,152547,벤딩머신
20166730,154868.jpg,0.00,154868,우산
20166729,152554.jpg,0.00,152554,암마
20166728,148656.jpg,8.59,148656,나무
20166727,152813.jpg,0.00,152813,그리고는
20166726,152812.jpg,0.00,152812,선택된 세대
20166725,152811.jpg,0.00,152811,자유투 라인
20166724,159211.jpg,0.00,159211,더 머신
20166723,152808.jpg,0.00,152808,언컬러드 마인드
20166722,152807.jpg,0.00,152807,어릿광대 매우 매우씨
20166721,93929.jpg,7.59,93929,장난감이 살아있다
20166707,144990.jpg,7.06,144990,재키
20166706,152755.jpg,7.00,152755,귀
20166704,113111.jpg,0.00,113111,토도모도
20166703,140735.jpg,3.61,140735,진실
20166701,152806.jpg,0.00,152806,세계를 보라
20166700,152804.jpg,0.00,152804,이샤라
20166698,152802.jpg,0.00,152802,돌에 스민 슬픔
20166697,152801.jpg,0.00,152801,결정해줄래
20166695,152544.jpg,0.00,152544,기호 1번 나청렴
20166694,152556.jpg,0.00,152556,창녀
20166693,152548.jpg,0.00,152548,아워 소누
20166692,142169.jpg,10.00,142169,우리 엄마
20166691,152546.jpg,0.00,152546,몰박스
20166690,152538.jpg,9.00,152538,아포칼립토
20166689,152552.jpg,0.00,152552,노후화
20166688,152549.jpg,0.00,152549,미래를 위해
20166686,152553.jpg,0.00,152553,포틴
20166685,151907.jpg,0.00,151907,미스터 마딜라
20166684,152559.jpg,0.00,152559,오일리오
20166683,152551.jpg,0.00,152551,드렌치드
20166682,110633.jpg,6.80,110633,워하우스: 죽음의 표식
20166681,140719.jpg,7.97,140719,인연
20166673,46759.jpg,9.40,46759,모두 잘 지내고 있다오
20166671,86298.jpg,9.62,86298,여인의 향기
20166670,154745.jpg,0.00,154745,동지
20166668,148696.jpg,6.88,148696,팔리아치
20166666,65347.jpg,0.00,65347,침묵은 금
20166664,150591.jpg,8.24,150591,新극장판 이니셜D: 레전드3 -몽현-
20166663,152092.jpg,4.33,152092,플레이스 인 헬
20166662,123395.jpg,5.91,123395,피해자
20166661,152125.jpg,0.00,152125,언니들의 속사정: 탐욕의 길
20166656,153368.jpg,0.00,153368,피우마
20166655,126015.jpg,0.00,126015,백만장자
20166654,154876.jpg,0.00,154876,경이로운 소용돌이
20166651,79147.jpg,7.33,79147,유리코의 아로마
20166650,152569.jpg,0.00,152569,바이올린을 연주할 뻔한 여우
20166649,152568.jpg,0.00,152568,그리고 만약 네가 온다면
20166646,152567.jpg,0.00,152567,다섯 양들
20166645,152566.jpg,0.00,152566,"로사와 다라, 그들의 휴가모험"
20166643,152565.jpg,0.00,152565,부쉬 테일즈- 딱정벌레
20166641,152545.jpg,0.00,152545,돼지농장
20166640,152057.jpg,0.00,152057,노란 리본
20166639,152529.jpg,0.00,152529,심포니 오브 투 마인즈
20166638,152055.jpg,0.00,152055,프래그먼츠
20166637,146751.jpg,0.00,146751,어라이크
20166636,152528.jpg,0.00,152528,전단 마크
20166634,152533.jpg,0.00,152533,라이스 앤 매치스틱스
20166633,152532.jpg,0.00,152532,디스포지션
20166630,144081.jpg,7.56,144081,심연
20166628,135367.jpg,9.00,135367,마왕
20166627,146550.jpg,0.00,146550,폼보 러브즈 유
20166625,163288.jpg,0.00,163288,오토
20166623,152535.jpg,0.00,152535,풀 페더 재킷
20166622,152531.jpg,0.00,152531,저스트 더 비기닝
20166601,140861.jpg,5.56,140861,타투이스트
20166586,147189.jpg,0.00,147189,"안녕, 사슴아!"
20166585,155068.jpg,0.00,155068,서둘러
20166584,147203.jpg,0.00,147203,왜 젖소에게 얼룩무늬가 생겼을까?
20166583,147217.jpg,0.00,147217,길고 긴 여름휴가
20166581,118935.jpg,3.00,118935,컨파인스
20166573,147219.jpg,0.00,147219,캡틴 3D
20166572,149305.jpg,0.00,149305,패닉!
20166571,155067.jpg,0.00,155067,삶은 낙서
20166570,155066.jpg,10.00,155066,출근길
20166569,155065.jpg,0.00,155065,사랑받는 여자
20166568,155063.jpg,0.00,155063,Subway romance
20166567,155126.jpg,0.00,155126,"바람, 돌 그리고 여자"
20166566,152060.jpg,0.00,152060,피그테일즈
20166565,134364.jpg,9.00,134364,어 테일 오브 모멘텀 앤 이너샤
20166564,152530.jpg,0.00,152530,안트랙트
20166563,152537.jpg,0.00,152537,조인트 터넌트
20166562,152534.jpg,0.00,152534,플랜크
20166561,143397.jpg,0.00,143397,다운 바이 러브
20166559,155129.jpg,0.00,155129,전파방해
20166558,155131.jpg,0.00,155131,나는 당신의 미소
20166557,150614.jpg,9.00,150614,소금
20166556,145739.jpg,8.00,145739,약속
20166555,155135.jpg,0.00,155135,그 소년
20166554,155136.jpg,0.00,155136,물 한 방울의 의미
20166553,155137.jpg,0.00,155137,쉐어 프랑스
20166552,155141.jpg,0.00,155141,멜팅 팝
20166551,160862.jpg,0.00,160862,리프트
20166550,154708.jpg,0.00,154708,너나 나나
20166549,147193.jpg,10.00,147193,블루 허니
20166548,154709.jpg,0.00,154709,지지직
20166547,154711.jpg,0.00,154711,역사적인 악수
20166546,136969.jpg,4.05,136969,일본패망하루전
20166545,148226.jpg,0.00,148226,러브 레터
20166543,162696.jpg,0.00,162696,트루스
20166542,23372.jpg,0.00,23372,태양은늙지않는다
20166541,152169.jpg,6.58,152169,달빛궁궐
20166540,144205.jpg,6.78,144205,라스트 쉬프트
20166539,157357.jpg,0.00,157357,컴온!
20166538,155064.jpg,10.00,155064,연기수업
20166537,155062.jpg,0.00,155062,잊지않을게
20166536,155125.jpg,10.00,155125,가족의 탄생
20166535,155127.jpg,0.00,155127,성우이용원
20166534,155128.jpg,0.00,155128,모닝 커피
20166533,157493.jpg,6.62,157493,졸업반
20166532,149629.jpg,9.85,149629,비행기
20166531,155134.jpg,0.00,155134,너무 피곤해
20166530,155138.jpg,0.00,155138,피자 주문이 아니에요
20166529,155139.jpg,0.00,155139,죄수의 마지막 날
20166528,157754.jpg,0.00,157754,결혼했어
20166526,154710.jpg,0.00,154710,산타 마리아
20166523,154714.jpg,0.00,154714,프로퍼리 세드
20166522,154112.jpg,8.07,154112,나쁜놈
20166517,99746.jpg,6.55,99746,그레이브 인카운터 2
20166505,131391.jpg,6.83,131391,백일홍 : 미스 호쿠사이
20166503,152527.jpg,0.00,152527,수라바야의 전투
20166502,69844.jpg,8.60,69844,은하철도의 밤
20166501,102278.jpg,7.22,102278,귀환
20166488,120160.jpg,8.25,120160,미이라
20166469,155091.jpg,5.50,155091,렘넌트: 생존자들
20166468,160632.jpg,0.00,160632,사일런스
20166467,153137.jpg,0.00,153137,질풍기획
20166464,155826.jpg,10.00,155826,플라워링 하트
20166462,155819.jpg,4.91,155819,신밧드 더 무비
20166461,152612.jpg,6.40,152612,섹시 레이디: 나랑 한판 할래?
20166442,152447.jpg,0.00,152447,끈
20166441,152611.jpg,6.33,152611,외도
20166428,152267.jpg,10.00,152267,고백
20166424,126564.jpg,0.00,126564,한 장
20166422,146450.jpg,7.68,146450,커피 메이트
20166421,149512.jpg,8.49,149512,재심
20166405,155398.jpg,9.52,155398,고해
20166403,155413.jpg,7.34,155413,섹스가 다이어트에 미치는 영향
20166402,155318.jpg,0.00,155318,데이39
20166401,146386.jpg,8.28,146386,업 포 러브
20166389,150774.jpg,0.00,150774,"이어,폰"
20166387,155361.jpg,0.00,155361,밀랍인형
20166385,148138.jpg,0.00,148138,뭄
20166384,156114.jpg,9.82,156114,하루
20166383,138114.jpg,7.33,138114,크로씽 포인트
20166382,134656.jpg,0.00,134656,갈대
20166365,139498.jpg,0.00,139498,아베 마리아
20166364,141457.jpg,7.38,141457,니나 포에버
20166363,119412.jpg,7.31,119412,잭 리처: 네버 고 백
20166362,129045.jpg,7.27,129045,비거 스플래쉬
20166361,143822.jpg,2.30,143822,여자전쟁: 봉천동 혈투
20166346,162845.jpg,0.00,162845,애니멀
20166343,135364.jpg,0.00,135364,무진
20166342,114389.jpg,0.00,114389,M Road
20166341,146341.jpg,1.00,146341,유혹 2
20166329,161624.jpg,0.00,161624,플라잉
20166327,151311.jpg,0.00,151311,야생 딸기
20166324,144548.jpg,0.00,144548,기다림
20166322,154697.jpg,0.00,154697,러브
20166321,148624.jpg,0.00,148624,아내의 엄마: 데릴 사위
20166283,157481.jpg,5.50,157481,시클루젼 : 죽음의캠프
20166282,46833.jpg,7.45,46833,이상한 영화
20166281,77555.jpg,4.47,77555,셜록: 죽음의 덫
20166262,137771.jpg,4.83,137771,특수부대 사이보그 솔저
20166261,133491.jpg,7.10,133491,사랑과 어둠의 이야기
20166242,157126.jpg,2.86,157126,피에제
20166222,157628.jpg,5.14,157628,수어사이드 스쿼드 : 섹시 히어로즈
20166221,130840.jpg,10.00,130840,드림 플라이트
20166204,155156.jpg,10.00,155156,두 유 테이크 디스 캣?
20166203,154098.jpg,0.00,154098,못난이들
20166202,155160.jpg,0.00,155160,질투는 나의 손님
20166201,152174.jpg,10.00,152174,마이 스윗 레코드
20166200,155162.jpg,0.00,155162,여왕의 집
20166199,155159.jpg,0.00,155159,아이돈케어
20166198,154870.jpg,0.00,154870,"둘이, 걷다"
20166197,155118.jpg,5.45,155118,내 아내의 언니
20166196,156499.jpg,0.00,156499,바이바이바이
20166195,155158.jpg,0.00,155158,이것은 픽션일 뿐이다
20166194,155161.jpg,0.00,155161,소녀가 내게 말했다
20166193,155154.jpg,0.00,155154,환승
20166192,152468.jpg,10.00,152468,그녀석
20166191,158617.jpg,0.00,158617,블라인드
20166190,152466.jpg,0.00,152466,덩그라미
20166189,152465.jpg,0.00,152465,An Other
20166188,152464.jpg,10.00,152464,중고거래
20166185,152433.jpg,10.00,152433,옥살이
20166184,158986.jpg,5.50,158986,더 홀
20166182,152460.jpg,10.00,152460,SNS
20166181,152442.jpg,10.00,152442,투명인간과의 인터뷰
20166179,152437.jpg,9.25,152437,장례희망
20166178,152435.jpg,9.44,152435,위대한 유산
20166177,152434.jpg,0.00,152434,웅덩이
20166176,148063.jpg,4.24,148063,피닉스 라이트 사건
20166175,152440.jpg,8.00,152440,쪽
20166174,151839.jpg,0.00,151839,비제이핑크
20166173,148874.jpg,0.00,148874,별 헤는 밤
20166172,125434.jpg,7.85,125434,이레셔널 맨
20166171,151835.jpg,10.00,151835,돼지 잡는 날
20166170,151834.jpg,8.00,151834,나무늘보
20166169,162128.jpg,0.00,162128,O
20166167,31510.jpg,8.67,31510,제니의 초상
20166166,151837.jpg,0.00,151837,배드 트립
20166165,30848.jpg,7.36,30848,순애보
20166164,152441.jpg,0.00,152441,천년난원
20166163,16195.jpg,7.00,16195,마포사는 황부자
20166162,151836.jpg,10.00,151836,런다운
20166161,152432.jpg,0.00,152432,언근: 뭣도 모르면서
20166150,155155.jpg,10.00,155155,새벽은 짧다
20166149,155402.jpg,0.00,155402,형이 돌아왔다
20166148,155153.jpg,0.00,155153,"아모르, 아모르 빠티"
20166147,154844.jpg,0.00,154844,과부하
20166145,152436.jpg,0.00,152436,인민정무문
20166144,152438.jpg,0.00,152438,정신과 시간의 방
20166143,152431.jpg,0.00,152431,야동인문학
20166140,144629.jpg,0.00,144629,리커버리
20166139,152443.jpg,4.00,152443,황천
20166138,151828.jpg,10.00,151828,흉터
20166137,151840.jpg,10.00,151840,시간 에이전트
20166136,151841.jpg,9.33,151841,악마를 보았다
20166135,152492.jpg,0.00,152492,을식이는 재수 없어
20166134,151831.jpg,8.50,151831,가정식
20166133,151833.jpg,10.00,151833,안 죽을지도 몰라
20166132,151674.jpg,9.40,151674,"일어나, 김광석"
20166131,144225.jpg,7.00,144225,레이지 헤이지 크레이지
20166130,152586.jpg,6.00,152586,내 학생의 엄마
20166129,152587.jpg,0.00,152587,관광버스 속 정사
20166128,151673.jpg,6.25,151673,어떻게 헤어질까
20166127,162135.jpg,0.00,162135,그랜드파더
20166126,150889.jpg,7.33,150889,연지
20166125,151830.jpg,10.00,151830,공원 생활
20166124,70620.jpg,0.00,70620,작은 산 주변에서
20166122,142643.jpg,7.00,142643,지상의 사랑
20166121,157036.jpg,0.00,157036,메리 고 라운드
20166104,152114.jpg,0.00,152114,파우스트의 겁벌
20166101,143932.jpg,8.28,143932,존 윅 - 리로드
20166094,158402.jpg,8.89,158402,파이널크루 : 칸우 탈출작전
20166092,141447.jpg,3.70,141447,더 킹 오브 엠파이어
20166091,158743.jpg,5.87,158743,몽키킹 히어로: 손오공과 요괴왕의 대결
20166090,156424.jpg,7.80,156424,대결
20166089,152159.jpg,0.00,152159,북서풍
20166088,152589.jpg,0.00,152589,동생애인과의 정사
20166087,152100.jpg,0.00,152100,절대거유의 노출증
20166086,152590.jpg,4.33,152590,먼저 자버린 남편과 불타는 육체
20166084,152088.jpg,0.00,152088,피곤한 남편 대신 출장서비스
20166083,146421.jpg,7.33,146421,천화
20166082,40008.jpg,9.50,40008,셀린느와 줄리 배 타러 가다
20166081,152103.jpg,0.00,152103,굵은 애인과 불륜사이
20166080,102638.jpg,6.55,102638,마영정: 상해야인시대
20166078,158491.jpg,3.59,158491,팔괘장: 무림쟁패
20166076,148634.jpg,0.00,148634,그녀는 포위됐다 - 지하철
20166075,152083.jpg,0.00,152083,초대박 거유여상사
20166074,152097.jpg,0.00,152097,젊은 남편보다 잘하는 남자
20166073,150567.jpg,0.00,150567,요즘 신혼녀의 유행은
20166072,149560.jpg,0.00,149560,속옷 개방 대방출
20166071,147019.jpg,6.33,147019,터미너스: 인류 멸망의 시작
20166069,148649.jpg,0.00,148649,서른살의 욕정-처음 아니야
20166068,148635.jpg,0.00,148635,쾌락열차-현란한 손가락
20166067,148607.jpg,0.00,148607,신입 게이샤는 유부녀
20166066,150580.jpg,0.00,150580,아찔한 욕정녀들
20166065,150577.jpg,0.00,150577,젖은 스커트의 부인
20166064,150564.jpg,0.00,150564,이쁜 아내를 빌려드려요
20166063,149621.jpg,0.00,149621,형수의 젖은 오후
20166062,149553.jpg,0.00,149553,거유이발소-어서오세요
20166061,149559.jpg,0.00,149559,모텔아가씨-녹는 육체
20166048,141743.jpg,0.00,141743,웬 맘 비지츠
20166047,154774.jpg,0.00,154774,미정
20166045,155195.jpg,0.00,155195,버터플라이 댓 킵스 온 플라잉
20166044,161331.jpg,3.50,161331,1812 나폴레옹 대전투
20166043,155198.jpg,0.00,155198,아이 고 투 스쿨 낫 바이 버스
20166042,155191.jpg,0.00,155191,오아시스
20166041,148267.jpg,5.05,148267,크리피: 일가족 연쇄 실종 사건
20166034,155197.jpg,0.00,155197,웨이팅 포 칼라
20166033,149134.jpg,0.00,149134,로스트 앤 파운드
20166032,160717.jpg,0.00,160717,버디
20166031,143376.jpg,5.83,143376,더 모델
20166030,155200.jpg,0.00,155200,팬톰 제니
20166029,155193.jpg,0.00,155193,애로우
20166025,156912.jpg,9.00,156912,소울메이트
20166024,127397.jpg,7.85,127397,더 월
20166023,155697.jpg,8.00,155697,마일스
20166022,152585.jpg,4.80,152585,2차 세계대전 타임트랙
20166021,151640.jpg,0.00,151640,몽타주
20166003,156624.jpg,0.00,156624,실내화
20166001,40005.jpg,2.00,40005,파리는 우리의 것
20165987,156623.jpg,0.00,156623,"동호, 연수를 치다"
20165986,155348.jpg,10.00,155348,숙희
20165985,155369.jpg,10.00,155369,세레나데
20165983,155635.jpg,10.00,155635,선배의 여자친구
20165982,141060.jpg,10.00,141060,원나잇 스캔들: 모닝 애프터
20165981,152173.jpg,7.80,152173,파워배틀 와치카 미니카 배틀리그: 불꽃의 질주
20165976,157745.jpg,6.00,157745,아버지
20165975,157076.jpg,4.27,157076,나홀로 크리스마스
20165974,154065.jpg,10.00,154065,유나의 오늘
20165973,93690.jpg,4.00,93690,죽음의 질주
20165972,156694.jpg,0.00,156694,아이돌 섹스 스캔들 2
20165971,156622.jpg,10.00,156622,울이에게
20165970,156621.jpg,0.00,156621,1176
20165969,150774.jpg,0.00,150774,이어폰
20165966,154340.jpg,10.00,154340,젊은 형수
20165964,153515.jpg,6.63,153515,친구아빠
20165963,156620.jpg,0.00,156620,거지 분노의 추적자
20165961,131576.jpg,8.74,131576,슈퍼 프렌즈
20165947,90393.jpg,0.00,90393,성스러운 스즈네 : 에볼루션
20165946,155507.jpg,8.00,155507,지티에이
20165945,156614.jpg,0.00,156614,아내의 여자선배
20165944,156615.jpg,0.00,156615,내 아내의 사정
20165943,156613.jpg,0.00,156613,기 빨리는 하숙집
20165942,135417.jpg,0.00,135417,음란한 영어강사
20165941,147834.jpg,8.25,147834,로빈슨 크루소
20165931,90373.jpg,0.00,90373,성스러운 스즈네 : 제네시스
20165930,151547.jpg,9.52,151547,내일
20165929,158561.jpg,0.00,158561,겟 어웨이
20165928,156372.jpg,0.00,156372,시티 오브 데드
20165927,152684.jpg,8.12,152684,문라이트
20165926,155506.jpg,6.44,155506,엔트의 숲
20165924,155105.jpg,4.50,155105,북 오브 섀도우: 악마의 봉인
20165922,157072.jpg,0.00,157072,킬 케인
20165902,156272.jpg,0.00,156272,특별한 돌
20165901,151844.jpg,10.00,151844,"소년, 소녀를 만나다"
20165884,126773.jpg,7.29,126773,나의 스타가 우리 집에 찾아왔다
20165882,156271.jpg,0.00,156271,산책의 즐거움
20165881,130958.jpg,5.07,130958,살인소설2: 다시 시작된 저주
20165864,155571.jpg,10.00,155571,파테르
20165863,152852.jpg,0.00,152852,행복한 우리집
20165862,150603.jpg,3.14,150603,웨포나이즈드
20165861,158441.jpg,0.00,158441,라이엇
20165843,147896.jpg,9.17,147896,"나의 사랑, 그리스"
20165842,158791.jpg,0.00,158791,로봇전쟁
20165841,152578.jpg,0.00,152578,맛있는 간호사의 정사
20165832,156619.jpg,4.36,156619,음란 과외
20165831,151911.jpg,9.00,151911,강릉여인숙
20165830,155570.jpg,0.00,155570,자국
20165829,155569.jpg,0.00,155569,오 흐부아흐!
20165827,142627.jpg,6.48,142627,임페리엄
20165826,149038.jpg,4.89,149038,빙하: 살인의 추억
20165825,156686.jpg,0.00,156686,베토벤 메들리
20165824,152677.jpg,7.11,152677,더 굿 네이버
20165822,136859.jpg,7.95,136859,매기스 플랜
20165821,102287.jpg,7.00,102287,스텝 백 투 글로리
20165803,156270.jpg,0.00,156270,스물둘
20165802,149546.jpg,6.78,149546,바탈리온
20165801,152095.jpg,7.82,152095,젊은엄마 : 디 오리지널
20165787,156269.jpg,9.50,156269,마실
20165786,156268.jpg,0.00,156268,이른 여름
20165784,156654.jpg,5.50,156654,악령의 집
20165782,74825.jpg,6.20,74825,내 남자친구의 여자
20165781,152175.jpg,0.00,152175,교환:남자친구
20165771,153054.jpg,0.00,153054,발자욱
20165770,162115.jpg,0.00,162115,카미노
20165769,154137.jpg,3.86,154137,정 검-금의위
20165768,160988.jpg,3.00,160988,강호의 무림신공
20165767,155104.jpg,3.50,155104,소림사 무림 탐정-취의전장
20165765,149231.jpg,7.43,149231,포르노그래퍼
20165764,102803.jpg,7.18,102803,펠로니
20165763,139450.jpg,5.26,139450,매릴랜드
20165762,160114.jpg,0.00,160114,더 시크릿
20165761,141933.jpg,0.00,141933,버팔로 라이더
20165751,156267.jpg,0.00,156267,24=18
20165750,125447.jpg,8.29,125447,오두막
20165749,156109.jpg,0.00,156109,사랑과 우정사이
20165748,152385.jpg,9.32,152385,꾼
20165747,138552.jpg,4.00,138552,에멜리
20165746,144773.jpg,3.99,144773,노조키메
20165745,144338.jpg,8.53,144338,극장판 푸른 강철의 아르페지오 -아르스 노바- 카덴차
20165744,108530.jpg,7.58,108530,사랑에 미치다
20165743,138876.jpg,7.67,138876,내 머릿속의 포이즌베리
20165741,119000.jpg,9.67,119000,제니스 웨딩
20165731,150402.jpg,0.00,150402,노이즈 오브 릭킹
20165730,155465.jpg,0.00,155465,마이크로프트
20165729,155433.jpg,0.00,155433,루빅 큐브
20165728,155461.jpg,0.00,155461,조개의 이면
20165727,155818.jpg,0.00,155818,아르제나 발레니페라
20165726,143780.jpg,9.00,143780,동행
20165725,150540.jpg,0.00,150540,영우
20165723,130806.jpg,6.95,130806,메이킹 패밀리
20165722,144771.jpg,10.00,144771,동경가족: 두 번째 이야기
20165721,142070.jpg,5.25,142070,앵귀시: 소녀의 저주
20165705,153802.jpg,0.00,153802,섹시 캣
20165704,118966.jpg,9.45,118966,숲
20165702,162564.jpg,0.00,162564,레인보우
20165701,152096.jpg,4.86,152096,어린여자 : 맛있는 관음
20165682,157118.jpg,0.00,157118,새엄마 그리고 나
20165681,148929.jpg,1.00,148929,집행자들
20165663,155627.jpg,7.00,155627,발정난 여형사의 위험한 수사
20165662,152130.jpg,4.70,152130,하고 싶은 날
20165661,152003.jpg,0.00,152003,저스트 씬# vol.1
20165658,153642.jpg,9.56,153642,목격자
20165657,155467.jpg,0.00,155467,여자아이
20165656,143471.jpg,10.00,143471,코너
20165655,155464.jpg,0.00,155464,사자춤
20165654,155463.jpg,0.00,155463,무한의 불
20165653,155462.jpg,0.00,155462,당신은 예술입니까
20165652,155460.jpg,0.00,155460,원스 어 폰 어 라인
20165651,156264.jpg,0.00,156264,시험 후
20165650,118363.jpg,4.88,118363,악마의 탄생
20165649,154722.jpg,0.00,154722,트레일 엔젤
20165648,156275.jpg,0.00,156275,무엇을 말하고 싶은가
20165647,156260.jpg,9.00,156260,어떤 여행
20165646,107645.jpg,4.00,107645,시큐리티 스파이
20165645,155094.jpg,7.00,155094,F컵 거유녀의 이중 생활: 매춘
20165644,143604.jpg,9.33,143604,투 나잇 틸 모닝
20165642,157117.jpg,0.00,157117,스캔들: 세 남녀
20165641,106454.jpg,4.95,106454,활: 명궁 류백원
20165625,154335.jpg,0.00,154335,학부형과 이성을 잃을때
20165611,127389.jpg,8.18,127389,더 베일
20165610,155523.jpg,0.00,155523,일본 막장 불륜 호텔
20165608,128543.jpg,0.00,128543,일탈
20165607,155522.jpg,0.00,155522,유혹은 폭풍속으로
20165606,155517.jpg,0.00,155517,오빠와 사랑하는 밤
20165603,155521.jpg,0.00,155521,엄마의 연인은 내남친
20165602,155353.jpg,0.00,155353,하교길
20165599,155520.jpg,0.00,155520,싱글녀의 av배우 특집
20165597,154130.jpg,0.00,154130,청순한 아내의 밤
20165596,155170.jpg,0.00,155170,도시락집 여주인과 연하남
20165595,154333.jpg,0.00,154333,극상 아로마마사지
20165594,154129.jpg,0.00,154129,처제의 도발
20165593,154342.jpg,0.00,154342,VIP전용 여자
20165592,155168.jpg,0.00,155168,노출 쾌락 거유녀-후편
20165583,145150.jpg,0.00,145150,진실한 남자
20165569,154723.jpg,10.00,154723,남극의 여름
20165568,123268.jpg,8.60,123268,맨업
20165567,70195.jpg,9.81,70195,다섯 번째 계절
20165564,162914.jpg,0.00,162914,서퍼
20165562,152182.jpg,9.20,152182,소녀의 세계
20165561,159012.jpg,10.00,159012,빅
20165543,155963.jpg,8.97,155963,하이큐!! 승자와 패자
20165542,152113.jpg,0.00,152113,아즈마 린의 전기고문실
20165538,152396.jpg,9.82,152396,새로운 도전
20165537,155551.jpg,0.00,155551,av감독의 아내
20165535,146558.jpg,7.31,146558,특별한 여행
20165532,155171.jpg,0.00,155171,사내연애발각-오피스정사
20165531,154127.jpg,0.00,154127,욕정 터진 도우미들
20165530,155519.jpg,0.00,155519,귀여운 아내 화끈한 애인
20165529,155518.jpg,0.00,155518,결혼하고 싶은 예비 신부
20165525,147368.jpg,7.20,147368,등산
20165524,155543.jpg,4.00,155543,타는 여자
20165523,156651.jpg,5.33,156651,몬스터 맥스
20165522,156652.jpg,0.00,156652,토니 탱고
20165521,122511.jpg,7.50,122511,극장판 프리즘스톤 올스타 셀렉션
20165503,155107.jpg,0.00,155107,분노의 건샷
20165502,145592.jpg,6.19,145592,마신자 - 빨간 옷 소녀의 저주
20165501,148689.jpg,7.29,148689,미저리 고스트
20165481,134121.jpg,0.00,134121,속죄
20165468,155787.jpg,9.50,155787,인류의 영원한 테마
20165467,155786.jpg,0.00,155786,카프카
20165466,155789.jpg,0.00,155789,그 냄새는 소똥냄새였어
20165465,142869.jpg,8.71,142869,썸머타임: 아름다운 계절
20165450,150637.jpg,9.36,150637,남한산성
20165448,155785.jpg,10.00,155785,풀밭 위의 점심식사
20165447,152687.jpg,5.13,152687,엔드 오브 어 건
20165446,155784.jpg,0.00,155784,음유시인
20165445,155317.jpg,10.00,155317,나는 남한을 사랑합니다
20165444,158266.jpg,8.28,158266,괴물들
20165443,130849.jpg,9.14,130849,모아나
20165442,156660.jpg,0.00,156660,아내의 스폰서
20165429,156506.jpg,10.00,156506,영고
20165428,150586.jpg,6.83,150586,인썸니악: 사라진기억
20165427,152106.jpg,0.00,152106,친구엄마: 은밀한 유혹
20165426,152107.jpg,0.00,152107,외출: 외로운 여자들
20165425,152108.jpg,0.00,152108,누나 친구: 화려한 외출
20165424,152109.jpg,0.00,152109,정사: 착한 엄마와 딸
20165423,149564.jpg,4.29,149564,바람난 여자들
20165422,142081.jpg,5.65,142081,히 네버 다이: 뱀파이어의 전설
20165421,152098.jpg,0.00,152098,변태상담치료
20165406,145134.jpg,0.00,145134,경이에 빠진 관객
20165405,131660.jpg,0.00,131660,마이아: 한 포르투갈 가족의 이야기
20165404,113028.jpg,0.00,113028,왓 나우? 리마인드 미
20165403,156691.jpg,6.58,156691,카운트다운
20165401,155983.jpg,0.00,155983,아이 인 더 스카이
20165383,143495.jpg,9.14,143495,강
20165381,148614.jpg,3.00,148614,탐정사무소-평강공주와 바보온달 무삭제판
20165374,153774.jpg,7.67,153774,조류학자의 은밀한 모험
20165373,155682.jpg,7.00,155682,존 프롬
20165372,143997.jpg,0.00,143997,방문 혹은 기억과 고백
20165371,155108.jpg,10.00,155108,다이노소어 아일랜드
20165368,117566.jpg,0.00,117566,위험한 도시
20165367,150689.jpg,5.06,150689,신 고질라
20165366,152001.jpg,6.67,152001,백마 타고 온 또또
20165365,152004.jpg,9.33,152004,핡수고대
20165364,143938.jpg,6.50,143938,내앞
20165363,152002.jpg,4.00,152002,소금물
20165362,152000.jpg,8.00,152000,눈을 감아도 빛은 남는다
20165361,151998.jpg,0.00,151998,White Island
20165346,156654.jpg,5.50,156654,악령의 집
20165344,148613.jpg,5.77,148613,주말부부
20165343,151999.jpg,0.00,151999,고함
20165342,143418.jpg,9.75,143418,나와 함께 블루스를
20165341,151993.jpg,9.50,151993,분노의 역류
20165327,143958.jpg,10.00,143958,버드보이와 잊혀진 아이들
20165326,152034.jpg,0.00,152034,손 없는 소녀
20165321,151996.jpg,8.75,151996,청동계단
20165303,151983.jpg,4.50,151983,귀신고래
20165302,151987.jpg,7.57,151987,구원의 날
20165301,151991.jpg,8.50,151991,웨잇데어
20165287,155095.jpg,4.69,155095,엠티의 목적
20165286,156672.jpg,5.41,156672,처제의 꿈
20165285,141675.jpg,9.04,141675,극장판 도라에몽: 신 진구의 버스 오브 재팬
20165284,89757.jpg,5.95,89757,쥬랜더 리턴즈
20165283,96740.jpg,7.20,96740,리틀 비트 좀비
20165282,109097.jpg,10.00,109097,가라데 파이터
20165281,137340.jpg,7.84,137340,마이 리틀 자이언트
20165264,143485.jpg,4.30,143485,헨젤과 그레텔 2
20165247,155749.jpg,0.00,155749,과부: 탐스러운 육체
20165246,151989.jpg,6.00,151989,망
20165245,151992.jpg,8.50,151992,피사체
20165244,151988.jpg,4.83,151988,누구의 아이가 울고 있나
20165243,151986.jpg,0.00,151986,청춘과부
20165242,153609.jpg,6.50,153609,승부조작
20165231,157783.jpg,0.00,157783,펫
20165230,151984.jpg,8.43,151984,지식인 박광만
20165229,151978.jpg,10.00,151978,그건 알아주셔야 됩니다
20165228,151982.jpg,8.91,151982,주왕
20165227,151985.jpg,9.00,151985,지오토
20165226,151979.jpg,8.00,151979,라이츄의 입시지옥
20165225,151976.jpg,10.00,151976,정우의 우정
20165224,151972.jpg,9.64,151972,부끄럽지만
20165223,151968.jpg,9.33,151968,"그 엄마, 딸"
20165222,151975.jpg,10.00,151975,심장이 두근두근
20165221,151977.jpg,0.00,151977,피아노와 아이
20165203,154344.jpg,7.18,154344,매춘 2016
20165202,139476.jpg,7.17,139476,플라잉 홈
20165201,144943.jpg,8.05,144943,언더 워터
20165183,152099.jpg,0.00,152099,테니스 부인과 카메라맨
20165182,128968.jpg,7.75,128968,여배우의 이중생활
20165165,156359.jpg,0.00,156359,수영장
20165164,151969.jpg,10.00,151969,러브레따
20165163,151971.jpg,10.00,151971,모스키토
20165162,151974.jpg,9.50,151974,새들이 돌아오는 시간
20165161,156432.jpg,10.00,156432,연애
20165153,156675.jpg,8.58,156675,눈의 여왕 3: 눈과 불의 마법대결
20165152,155770.jpg,4.44,155770,여배우 섹스 스캔들2
20165151,135846.jpg,0.00,135846,얼리전스
20165150,150067.jpg,7.40,150067,미씽
20165149,156361.jpg,0.00,156361,"오, 보이"
20165148,156353.jpg,7.50,156353,조명가게
20165147,156360.jpg,0.00,156360,여름의 출구
20165146,156358.jpg,9.00,156358,백패킹
20165145,156357.jpg,10.00,156357,Useless story
20165144,152591.jpg,6.94,152591,걱정말아요
20165143,149002.jpg,9.00,149002,안내견
20165142,151967.jpg,8.50,151967,티치 미
20165141,146897.jpg,8.00,146897,키즈모노가타리 I : 철혈편
20165133,156356.jpg,0.00,156356,송강호의 조카
20165132,156355.jpg,0.00,156355,빨간 구두 증후군
20165131,156351.jpg,10.00,156351,진동
20165130,146311.jpg,8.15,146311,나의 산티아고
20165109,149898.jpg,0.00,149898,체이싱 나이아가라
20165108,159644.jpg,0.00,159644,다크라이트
20165106,151209.jpg,0.00,151209,윙맨
20165102,140731.jpg,9.05,140731,분노
20165101,148631.jpg,0.00,148631,내 아내의 엄마: 사위와 사랑에 빠지다
20165090,143926.jpg,9.67,143926,트루만
20165089,126281.jpg,3.37,126281,사자왕: 거대 전쟁의 시작
20165088,151208.jpg,0.00,151208,화산속으로
20165087,155857.jpg,10.00,155857,오발탄
20165084,154831.jpg,0.00,154831,아프리카 퓨전
20165083,154833.jpg,0.00,154833,제임스 피어슨 이야기
20165082,151348.jpg,0.00,151348,무지개아버지
20165080,130422.jpg,0.00,130422,그리고 우리
20165063,13600.jpg,8.00,13600,정복된 사람들
20165061,149283.jpg,6.44,149283,사다코 대 카야코
20165048,158495.jpg,4.38,158495,일
20165047,156346.jpg,0.00,156346,바위너구리들
20165046,155085.jpg,3.59,155085,론울브스
20165044,136546.jpg,1.00,136546,나츠미의 비밀여행
20165043,152090.jpg,5.00,152090,룸메이트
20165042,149511.jpg,9.09,149511,빅뱅 메이드
20165041,127376.jpg,6.64,127376,나이스 가이즈
20165026,156345.jpg,8.86,156345,구덩이
20165025,152085.jpg,0.00,152085,심야의 야한근무
20165024,152084.jpg,0.00,152084,첫 경험: 느끼고싶어요
20165022,152082.jpg,9.00,152082,자세가 좋은 형수님
20165021,152079.jpg,0.00,152079,변태커플 스와핑
20165002,128262.jpg,9.20,128262,섹스 에드
20165001,151117.jpg,9.66,151117,더 테이블
20164985,153829.jpg,0.00,153829,록키Ⅱ를 찾아서
20164984,151963.jpg,0.00,151963,"0814, 멈춰진 시간 - 끝나지 않은 이야기"
20164983,143743.jpg,9.67,143743,제삿날
20164982,124245.jpg,4.87,124245,어비스: 메가샤크
20164981,151152.jpg,5.24,151152,비스티걸스
20164965,153370.jpg,8.00,153370,떠나간 여인
20164964,160512.jpg,0.00,160512,파크
20164963,153775.jpg,10.00,153775,라스트 패밀리
20164962,155790.jpg,0.00,155790,악당들
20164961,143980.jpg,6.36,143980,미친개들
20164951,151282.jpg,9.53,151282,어폴로지
20164945,88473.jpg,9.13,88473,우수
20164942,138394.jpg,0.00,138394,에메랄드
20164941,155098.jpg,0.00,155098,검은 초상
20164928,143409.jpg,8.16,143409,녹터널 애니멀스
20164927,150371.jpg,8.29,150371,토니 에드만
20164926,140731.jpg,9.05,140731,분노
20164925,151362.jpg,0.00,151362,옥상 위의 남자들
20164924,151361.jpg,0.00,151361,드랙킹: 브루투스 & 줄리아
20164923,151359.jpg,0.00,151359,푸시 미
20164922,151360.jpg,0.00,151360,얼마 전 숲속에서
20164921,151358.jpg,0.00,151358,엘라 플룸호프의 발라드
20164919,151356.jpg,0.00,151356,종이처럼 얇은
20164918,151355.jpg,0.00,151355,남겨진 후에
20164917,119679.jpg,0.00,119679,크루징
20164916,137114.jpg,0.00,137114,슬픈 사막
20164915,151353.jpg,0.00,151353,와샤키와 그의 젖은 손
20164914,151352.jpg,0.00,151352,지하철에서 함께 보깅을
20164912,151351.jpg,0.00,151351,도덕적으로 올바른 뮤지컬
20164910,151349.jpg,0.00,151349,내 것이 되는 시간
20164909,151347.jpg,0.00,151347,"부드러운 피부, 잔인한 시선"
20164908,151346.jpg,0.00,151346,마스카라
20164907,151344.jpg,0.00,151344,룩스
20164906,151345.jpg,0.00,151345,하비에르
20164905,151343.jpg,0.00,151343,빅타임 - 별 볼 일 없는 일기
20164904,151342.jpg,0.00,151342,잠깐의 드라이브
20164903,146225.jpg,7.54,146225,훠궈
20164902,151340.jpg,0.00,151340,에스프레소 도피오
20164901,155665.jpg,8.63,155665,비.
20164891,155598.jpg,10.00,155598,우리아빠 환갑잔치
20164890,156677.jpg,10.00,156677,제수씨와의 맛있는 섹스
20164888,149267.jpg,9.64,149267,버스데이 카드
20164887,151338.jpg,0.00,151338,베일에 싸인
20164886,151337.jpg,0.00,151337,컨티넨탈 호텔의 밤
20164885,146620.jpg,0.00,146620,피콕
20164884,151336.jpg,0.00,151336,범인
20164883,151335.jpg,0.00,151335,고집불통 미스 엠
20164882,151334.jpg,0.00,151334,드라이크리크의 성자
20164881,151708.jpg,0.00,151708,거울 너머
20164880,151333.jpg,0.00,151333,타이피스트의 고백
20164871,134580.jpg,9.00,134580,상가일레의 여름
20164870,158374.jpg,0.00,158374,네 개의 달
20164869,146177.jpg,0.00,146177,하워드 삼촌
20164867,131396.jpg,0.00,131396,"안녕 아침, 저녁"
20164866,151707.jpg,0.00,151707,드랙드
20164865,149793.jpg,10.00,149793,도즈피플
20164864,151332.jpg,9.00,151332,우크라이나 프로파간다
20164863,151331.jpg,0.00,151331,나와 나의 부치 엄마
20164862,146174.jpg,0.00,146174,맞춤 수트
20164861,151324.jpg,0.00,151324,당신이 보지 않는 동안
20164860,149000.jpg,6.33,149000,디스트럭션 베이비
20164859,151624.jpg,9.12,151624,여자들
20164856,160080.jpg,3.59,160080,자유부인 2017
20164855,152486.jpg,7.69,152486,사랑은 부엉부엉
20164854,146394.jpg,0.00,146394,스톡홀름의 마지막 연인
20164853,156344.jpg,0.00,156344,랜드 위드아웃 피플
20164852,129100.jpg,8.98,129100,요요마와 실크로드 앙상블
20164851,156343.jpg,10.00,156343,홍어
20164850,156676.jpg,0.00,156676,여자교환섹스
20164849,156678.jpg,0.00,156678,새엄마: 섹스 하는 날
20164848,151330.jpg,10.00,151330,앨리스 : 계절의 틈
20164847,151329.jpg,0.00,151329,레몬썸머
20164846,151328.jpg,7.00,151328,남자 1과 2
20164844,154112.jpg,8.07,154112,불한당: 나쁜 놈들의 세상
20164843,118966.jpg,9.45,118966,비밀
20164842,151326.jpg,0.00,151326,울트라 블루
20164841,152267.jpg,10.00,152267,고백
20164829,144984.jpg,8.96,144984,나는 부정한다
20164828,156342.jpg,0.00,156342,앰부배깅
20164827,129094.jpg,9.63,129094,보스
20164826,150581.jpg,3.80,150581,인공지능 남자친구
20164825,130972.jpg,7.47,130972,에브리바디 원츠 썸!!
20164823,149545.jpg,4.10,149545,인터스텔라: 우주 전쟁
20164822,152087.jpg,0.00,152087,여사진작가와 남자모델
20164805,156341.jpg,8.67,156341,총과 토끼
20164804,156339.jpg,0.00,156339,안개는 걷히고
20164803,152080.jpg,7.92,152080,스포찬 배틀 요괴 대결전
20164802,128299.jpg,4.93,128299,골때리는 암살자들
20164791,156340.jpg,8.29,156340,등에
20164790,156338.jpg,9.00,156338,아무도 살지 않는 집
20164789,152526.jpg,6.00,152526,월현동 도둑들
20164788,152524.jpg,9.50,152524,성북동막걸리
20164787,152523.jpg,7.00,152523,달콤한 고백
20164786,152522.jpg,0.00,152522,아오노란: 소마 이야기
20164784,154163.jpg,8.00,154163,생존자들
20164783,148450.jpg,0.00,148450,오디션
20164782,144311.jpg,0.00,144311,아르헨티나
20164781,158424.jpg,0.00,158424,스피어
20164767,135982.jpg,0.00,135982,하우 투 플랜 언 오지 인 어 스몰 타운
20164766,145669.jpg,8.00,145669,블랙 라이더
20164765,151243.jpg,8.50,151243,모멘츠 오브 디토
20164762,150613.jpg,0.00,150613,엄마 친구: 사랑하고 싶은 여자
20164761,154310.jpg,6.00,154310,엄마 친구: 여자로 보일때
20164749,146131.jpg,10.00,146131,벨지안 랩소디
20164747,150545.jpg,7.36,150545,리틀 폭스
20164745,151766.jpg,0.00,151766,아무도 놀라지 않았던 마술쇼
20164744,151586.jpg,9.50,151586,상년(常漢女人)
20164743,151585.jpg,0.00,151585,숨은 돼지 그림 찾기
20164742,151242.jpg,0.00,151242,사랑에 관한 짧은 필름
20164741,150562.jpg,6.36,150562,동호회의 목적
20164722,155625.jpg,0.00,155625,내 아내의 엄마: 사위를 탐하다
20164721,136872.jpg,8.85,136872,미녀와 야수
20164705,112895.jpg,4.70,112895,십이야
20164704,87292.jpg,7.53,87292,지저스 크라이스트 슈퍼스타
20164703,134968.jpg,8.67,134968,내 여친의 사생활
20164701,118992.jpg,8.53,118992,라스트 파이브 이어즈
20164700,154419.jpg,8.00,154419,맥베스
20164699,150611.jpg,6.29,150611,귀곡성 : 귀신을 부르는 소리
20164698,150549.jpg,5.20,150549,헌팅 더 레전드
20164696,149592.jpg,0.00,149592,치한전철-손가락의 온도
20164695,150604.jpg,0.00,150604,방탕한금수저부인
20164694,149594.jpg,0.00,149594,미스택시드라이버
20164693,149558.jpg,0.00,149558,뒷태가 이쁜 미망인
20164692,149593.jpg,0.00,149593,동경밀회-불륜의 정사
20164691,149598.jpg,0.00,149598,달콤한 사무실 육정
20164690,148642.jpg,0.00,148642,폭유녀의 가면정사
20164689,148648.jpg,0.00,148648,피서지의 미인 유부녀
20164687,148639.jpg,0.00,148639,육체의 질주 - 단지처
20164686,150566.jpg,0.00,150566,발광하는 불륜남
20164685,148616.jpg,0.00,148616,애욕 인질이 된 유부녀
20164684,148618.jpg,0.00,148618,한잔 술과 전라 정사
20164683,149552.jpg,0.00,149552,갑질섹스-색기
20163329,155514.jpg,0.00,155514,불륜의 육체봉사
20163328,155513.jpg,0.00,155513,유부녀와 불기둥
20163327,155624.jpg,0.00,155624,들이대는 대학선배-이제그만
20163325,154118.jpg,0.00,154118,터질듯한 거유 신혼녀
20163324,149556.jpg,5.65,149556,더 메리: 잃어버린 영혼
20163323,148674.jpg,5.10,148674,애마부인 2016
20163322,148338.jpg,9.20,148338,동급생
20163321,124271.jpg,7.54,124271,미스터 홈즈
20163320,155536.jpg,0.00,155536,컬러 오브 라이프
20163319,149583.jpg,1.00,149583,맛있는 떡
20163318,148630.jpg,0.00,148630,치한낭만2 무삭제판
20163317,138415.jpg,2.43,138415,고스트 오브 컨저링
20163316,143999.jpg,0.00,143999,올 쓰리 오브 어스
20163315,147578.jpg,0.00,147578,뱅 갱: 모던 러브 스토리
20163314,147945.jpg,8.32,147945,다가오는 것들
20163312,147338.jpg,1.00,147338,"한, 숨"
20163309,145409.jpg,5.00,145409,진아
20163305,149567.jpg,5.59,149567,젊은 엄마 4
20163302,155636.jpg,8.43,155636,일지화여
20163301,158035.jpg,5.50,158035,비밀객잔의 결투
20163299,158721.jpg,4.00,158721,무공비계
20163298,157483.jpg,5.67,157483,무림강호: 영웅불패의 신화
20163297,150563.jpg,7.83,150563,카마수트라: 뱀의 여인
20163296,150110.jpg,0.00,150110,히치하이커
20163295,112050.jpg,0.00,112050,벽력화
20163294,136835.jpg,7.96,136835,매그니피센트 7
20163292,161493.jpg,0.00,161493,A.D.A.M.
20163291,150299.jpg,0.00,150299,스카이 파크 뷰
20163289,135044.jpg,0.00,135044,하얀 이끼
20163287,150294.jpg,0.00,150294,나미브 사막의 사자들
20163285,134846.jpg,9.32,134846,드롭박스
20163282,150286.jpg,9.00,150286,인사이드 퍼
20163281,150288.jpg,10.00,150288,고기라 불리는 동물들
20163270,136055.jpg,0.00,136055,와일드라이크
20163269,159406.jpg,10.00,159406,사망탑의 결전
20163268,145341.jpg,0.00,145341,소녀와 탱탱볼
20163266,136899.jpg,6.17,136899,사냥
20163264,145307.jpg,5.75,145307,고추 할배
20163263,149587.jpg,10.00,149587,잔다라 어게인: 불멸의 사랑 PART1
20163262,145119.jpg,5.50,145119,0
20163261,143713.jpg,8.85,143713,나의 딸
20163260,142337.jpg,8.20,142337,볼쇼이 바빌론
20163259,135659.jpg,5.50,135659,미스터 토렌테 <카지노를 털어라!!!>
20163258,162484.jpg,0.00,162484,램스
20163257,91998.jpg,10.00,91998,베를린의 연인
20163256,119566.jpg,0.00,119566,제주 : 년의 춤
20163255,114595.jpg,8.00,114595,리버레이터: 자유를 위해
20163253,143137.jpg,0.00,143137,공범
20163252,78184.jpg,0.00,78184,사랑의 중독
20163251,141180.jpg,7.12,141180,바다의 뚜껑
20163249,119735.jpg,9.17,119735,은행털이 할배와 나
20163248,158898.jpg,9.86,158898,오렌지
20163247,130422.jpg,0.00,130422,너 나 그리고 우리
20163246,136886.jpg,7.33,136886,저스트 짐
20163245,113021.jpg,7.29,113021,블루 루인
20163244,157304.jpg,0.00,157304,리스닝
20163243,137308.jpg,8.06,137308,5월 1일
20163242,148621.jpg,10.00,148621,동거녀의 달콤한 젤리
20163241,148622.jpg,0.00,148622,불륜백서: 아내의 피트니스 강사
20163225,146377.jpg,6.66,146377,미결처리반 Q: 믿음의 음모
20163224,84807.jpg,3.08,84807,월드워2: 나치의 침공
20163223,143480.jpg,4.95,143480,프랑켄슈타인 VS 미라
20163222,145399.jpg,0.00,145399,상사의 부인
20163221,149599.jpg,0.00,149599,모던 발레 스페셜
20163220,149600.jpg,6.72,149600,알바생들
20163219,149574.jpg,0.00,149574,심야병동: 맛있는 간호사들
20163217,144918.jpg,7.42,144918,라이트 아웃
20163216,148654.jpg,7.48,148654,형님 아내
20163215,137915.jpg,8.53,137915,미 비포 유
20163212,116243.jpg,0.00,116243,밤의 여인들
20163205,61366.jpg,7.00,61366,오사카 엘레지
20163204,150723.jpg,0.00,150723,우미인초
20163202,140257.jpg,6.52,140257,크리미널
20163201,149576.jpg,8.34,149576,바다 탐험대 옥토넛 시즌4: 아슬아슬 구조대작전
20163200,152558.jpg,0.00,152558,햄릿
20163199,149649.jpg,4.92,149649,엔조이닷컴
20163198,135740.jpg,8.00,135740,여름愛[애]
20163196,147039.jpg,8.20,147039,줄리에타
20163195,140214.jpg,8.31,140214,아메리칸 허니
20163194,134838.jpg,7.27,134838,공각기동대 : 고스트 인 더 쉘
20163193,151973.jpg,10.00,151973,빈 방
20163192,142209.jpg,5.27,142209,레이디 인 더 카
20163191,149595.jpg,3.00,149595,란제리 사나이
20163190,146547.jpg,0.00,146547,전철: 그녀들의 절정
20163189,146548.jpg,8.60,146548,태풍이 지나가고
20163188,146546.jpg,0.00,146546,젊은 자매와의 맛있는 섹스
20163187,152810.jpg,10.00,152810,죽음 보고서
20163186,137958.jpg,7.48,137958,단지 세상의 끝
20163185,150372.jpg,9.38,150372,언노운 걸
20163184,142372.jpg,6.16,142372,뉴 스텝업: 어반댄스
20163183,136868.jpg,8.44,136868,로그 원: 스타워즈 스토리
20163182,136843.jpg,7.11,136843,하드코어 헨리
20163181,125459.jpg,8.72,125459,닥터 스트레인지
20163174,148378.jpg,7.50,148378,실종: 사라진아내
20163173,124272.jpg,6.11,124272,노스맨: 바이킹과 늑대군단
20163172,150300.jpg,0.00,150300,"뜰라로깐, 물의 천국"
20163171,150298.jpg,0.00,150298,워터소믈리에
20163170,150297.jpg,0.00,150297,마지막 이누이트: 나누크의 후예
20163169,159330.jpg,0.00,159330,그래피티
20163168,150295.jpg,1.00,150295,팻볼루션
20163167,146525.jpg,0.00,146525,시화공존
20163044,149591.jpg,0.00,149591,감당이 안되는 욕정녀
20163043,115620.jpg,7.93,115620,갤럭시 히어로즈: 라쳇 앤 클랭크
20163042,146536.jpg,0.00,146536,푸른 날
20163041,146534.jpg,9.35,146534,자백
20163028,146138.jpg,5.50,146138,스파이타임 코드명: 아나클레토
20163027,130078.jpg,0.00,130078,11월 9일
20163026,121938.jpg,4.96,121938,광야의 40일
20163025,91602.jpg,6.67,91602,판타스틱 피어
20163024,151650.jpg,8.50,151650,우리집
20163022,44901.jpg,5.71,44901,삶은 전진하고
20163021,146532.jpg,10.00,146532,올드 데이즈
20163020,146531.jpg,7.48,146531,시선 사이
20163019,146530.jpg,8.06,146530,장기왕 : 가락시장 레볼루션
20163018,146560.jpg,9.00,146560,싱 스트리트
20163017,146529.jpg,8.33,146529,"비스타리, 히말라야"
20163016,146528.jpg,10.00,146528,벌레의 눈물
20163015,146527.jpg,9.50,146527,백스테이지
20163014,146526.jpg,8.58,146526,7년-그들이 없는 언론
20163013,149956.jpg,8.00,149956,우아한 나체들
20163012,137956.jpg,8.73,137956,바이 더 씨
20163011,149955.jpg,7.81,149955,우리 손자 베스트
20163010,149500.jpg,10.00,149500,화분에 심어진 여자
20163009,149499.jpg,6.00,149499,햄스터
20163047,146538.jpg,8.00,146538,미주
20163046,148962.jpg,9.83,148962,검은 돼지
20163045,132664.jpg,7.54,132664,미나미 양장점의 비밀
20163008,163212.jpg,0.00,163212,플라이
20162971,149478.jpg,9.16,149478,노후 대책 없다
20162970,154136.jpg,8.45,154136,폭력의 법칙: 나쁜 피 두 번째 이야기
20162969,137841.jpg,8.99,137841,물숨
20162968,118953.jpg,8.34,118953,거울나라의 앨리스
20162966,138049.jpg,2.31,138049,블랙번: 죽음의 숲
20162848,150538.jpg,9.57,150538,iLuv
20162847,150536.jpg,10.00,150536,가향: 돌아오지 않는 길
20162846,144271.jpg,5.76,144271,캄포스
20162845,137031.jpg,5.00,137031,더 걸 이즈 인 트러블
20162844,159108.jpg,10.00,159108,꿈
20162842,149627.jpg,0.00,149627,밀애: 아주버님
20162761,146537.jpg,10.00,146537,할매-서랍
20162748,133128.jpg,4.87,133128,미궁
20162747,152142.jpg,10.00,152142,층간소음
20162746,154809.jpg,0.00,154809,보청기
20162745,136899.jpg,6.17,136899,사냥
20162744,152137.jpg,0.00,152137,진실 알러지
20162743,161252.jpg,0.00,161252,드라이브
20162626,145225.jpg,6.00,145225,멈추지 마
20162625,148661.jpg,0.00,148661,천국의 정사
20162624,136072.jpg,8.00,136072,물의 목소리를 듣다
20162623,148665.jpg,0.00,148665,감금일지-메이드
20162561,140579.jpg,7.61,140579,보이 7
20162546,154346.jpg,5.25,154346,워킹 스트리트
20162545,152183.jpg,8.87,152183,"무현, 두 도시 이야기"
20162544,130596.jpg,0.00,130596,카르미나 그리고 아멘
20162542,148608.jpg,6.90,148608,다이노소어 어드벤처 : 백악기 공룡대백과
20162541,146520.jpg,7.98,146520,춘몽
20162403,146511.jpg,8.54,146511,디지몬 어드벤처 트라이 제2장: 결의
20162402,145693.jpg,3.76,145693,외인부대 : 암살자들
20162401,137338.jpg,6.19,137338,영메시아
20162383,121050.jpg,8.13,121050,화려상반족: 오피스
20162382,146214.jpg,8.96,146214,원피스 필름 골드
20162381,147047.jpg,9.16,147047,일사각오
20162221,143457.jpg,9.33,143457,죄인
20162208,152978.jpg,10.00,152978,"칠레의 노래패, 퀼라파윤"
20162207,146233.jpg,6.96,146233,도성풍운 3
20162206,103657.jpg,8.14,103657,브루클린
20162205,149542.jpg,4.22,149542,잠 못 이루는 섹스
20162182,141220.jpg,3.64,141220,버닝데드: 좀비의섬
20162181,146517.jpg,7.80,146517,프리즌
20162169,97791.jpg,6.67,97791,다크 투어리스트
20162167,148775.jpg,0.00,148775,두개의 달
20162165,77151.jpg,7.50,77151,필사의검 토리사시
20162164,148670.jpg,0.00,148670,거유간호사 폭유간호사
20162163,148671.jpg,0.00,148671,변태여과장의 에로폭발
20162162,148672.jpg,0.00,148672,유부녀의 허벅지 사이
20162161,137709.jpg,6.34,137709,미스컨덕트
20162147,150632.jpg,8.56,150632,세상에서 고양이가 사라진다면
20162146,148676.jpg,6.76,148676,던 오브 킹덤
20162145,147316.jpg,7.27,147316,청춘학당2 기생난입야사
20162144,124843.jpg,6.67,124843,팀북투
20162142,143427.jpg,10.00,143427,안나의 눈물
20162138,147325.jpg,0.00,147325,음란한 요부와 전남친
20162137,147326.jpg,0.00,147326,야근 간호사 유혹하기
20162136,147328.jpg,0.00,147328,최고의 하숙집 - 여주인의 밤
20162135,148687.jpg,0.00,148687,그녀의 가슴냄새
20162134,147393.jpg,0.00,147393,제아내를 소개합니다
20162133,147329.jpg,0.00,147329,아내의 능욕-강제정사
20162132,145300.jpg,0.00,145300,피서지의 가정교사
20162131,147358.jpg,0.00,147358,소설가부인의 유혹
20162130,145299.jpg,0.00,145299,아내의 불륜남 - 그놈
20162129,147391.jpg,0.00,147391,미용사의 손놀림 - 그녀
20162128,147370.jpg,0.00,147370,음란 걸작의 탄생 실화
20162127,145298.jpg,0.00,145298,속살 비친 유혹교사
20162126,147371.jpg,0.00,147371,유부녀 정사 시승식
20162125,147392.jpg,0.00,147392,순백 도우미 - 손으로
20162124,147372.jpg,0.00,147372,대범한 불륜 정사
20162123,134768.jpg,0.00,134768,리퍼
20162122,155770.jpg,4.44,155770,여배우 섹스 스캔들
20162121,156694.jpg,0.00,156694,아이돌 섹스 스캔들
20162109,130985.jpg,7.93,130985,어바웃 레이
20162108,162368.jpg,0.00,162368,캘리포니아
20162107,134321.jpg,0.00,134321,왓츠 비트윈 어스
20162106,147935.jpg,10.00,147935,마돈나의 댄서들
20162104,147988.jpg,0.00,147988,유 윌 네버 비 얼론
20162103,125406.jpg,9.00,125406,걸 킹 크리스티나
20162102,155194.jpg,0.00,155194,씨드머니: 처크 홈즈 스토리
20162101,137880.jpg,8.32,137880,최악의 이웃과 사랑에 빠지는 방법
20162093,155540.jpg,0.00,155540,내 동생의 아내
20162092,155405.jpg,0.00,155405,프리덤 투 메리
20162091,134963.jpg,8.59,134963,라라
20162090,147981.jpg,0.00,147981,조나단
20162089,155539.jpg,0.00,155539,맛있는 하숙집 여주인
20162088,150374.jpg,10.00,150374,스테잉 버티컬
20162086,149042.jpg,7.29,149042,키키
20162085,147982.jpg,0.00,147982,톰캣
20162084,143546.jpg,7.00,143546,먼 곳으로부터
20162083,155761.jpg,10.00,155761,그들의 사랑
20162082,155199.jpg,0.00,155199,포 러브 위 캔
20162073,137327.jpg,8.85,137327,오브
20162072,155404.jpg,0.00,155404,무지개 동거동락
20162068,96979.jpg,0.00,96979,매일매일 알츠하이머
20162066,138079.jpg,6.77,138079,플라이트 엑시던트
20162065,134856.jpg,7.58,134856,클로버필드 10번지
20162064,112828.jpg,6.44,112828,매기
20162063,125475.jpg,6.13,125475,하이-라이즈
20162062,110300.jpg,5.00,110300,유다
20162061,110668.jpg,0.00,110668,은밀 부위
20162056,159108.jpg,10.00,159108,꿈
20162055,155163.jpg,0.00,155163,마닐라의 레이디보이
20162049,148662.jpg,6.50,148662,탐욕_사랑이라는 이름으로
20162048,119514.jpg,7.67,119514,사랑하는 누군가
20162047,141397.jpg,3.99,141397,후 엠 아이
20162046,140603.jpg,7.54,140603,무림신공 : 황금봉의 전사
20162045,139800.jpg,0.00,139800,나이팅게일: 폴링 인 러브
20162044,148675.jpg,4.56,148675,소림사: 무림적팔방
20162043,148694.jpg,2.90,148694,소림사 - 죽음의 객잔
20162042,143541.jpg,7.45,143541,아노말리사
20162041,148681.jpg,6.00,148681,소림사 무림탐정 : 황제의 옥패
20162026,155164.jpg,7.62,155164,어느 여름날 밤에
20162025,162564.jpg,0.00,162564,씽
20162024,147368.jpg,7.20,147368,등산의 목적
20162023,54869.jpg,0.00,54869,남도의 백합화
20162022,156424.jpg,7.80,156424,대결
20162021,148700.jpg,7.18,148700,챌린지 게임
20162010,158807.jpg,10.00,158807,바람꽃 논개
20162009,155533.jpg,6.57,155533,두처제
20162008,150358.jpg,7.44,150358,낮비
20162007,149796.jpg,6.67,149796,코드 오브 아너
20163007,149497.jpg,9.00,149497,천막
20163006,149496.jpg,0.00,149496,질식
20163005,149495.jpg,0.00,149495,우주비행사들
20163004,149494.jpg,9.06,149494,여름밤
20163003,149493.jpg,10.00,149493,어른이 되기 전에
20163002,149492.jpg,9.00,149492,씨유투머로우
20163001,149491.jpg,0.00,149491,순환하는 밤
20162995,125482.jpg,7.67,125482,리브 어게인
20162994,149394.jpg,6.13,149394,카인드 오브 머더
20162993,149490.jpg,10.00,149490,빗속을 혼자서
20162992,149488.jpg,0.00,149488,몸과 마음
20162991,149487.jpg,10.00,149487,모두의 게임
20162990,155500.jpg,0.00,155500,동물원
20162989,149610.jpg,0.00,149610,라바야데르
20162988,149485.jpg,10.00,149485,농담
20162987,158546.jpg,10.00,158546,날 좋은 날
20162986,149482.jpg,9.31,149482,프레스
20162984,145131.jpg,9.00,145131,"클레르 드니, 방랑자"
20162983,137855.jpg,9.86,137855,운동회
20162982,70614.jpg,7.17,70614,백인의 것
20162981,40674.jpg,8.33,40674,네네트와 보니
20162980,134129.jpg,0.00,134129,잠들 수 없어
20162979,149480.jpg,0.00,149480,마담 B
20162978,94381.jpg,0.00,94381,죽음은 두렵지 않다
20162977,145132.jpg,0.00,145132,맨 노 런
20162976,145133.jpg,0.00,145133,"자크 리베트, 파수꾼"
20162975,148625.jpg,0.00,148625,섹스 프렌드 스와핑 무삭제판
20162974,127339.jpg,5.40,127339,샤크스톰 2 : 샤크네이도
20162973,148601.jpg,3.14,148601,좀비 나이트
20162972,149479.jpg,9.75,149479,델타 보이즈
20162965,147384.jpg,0.00,147384,난교: 쾌락의 맛
20162964,121645.jpg,0.00,121645,스타 차일드: 서투른 오디션
20162963,127334.jpg,6.77,127334,부모님과 이혼하는 방법
20162962,145312.jpg,7.79,145312,바르샤 드림스
20162961,149622.jpg,2.00,149622,착한 누나
20162943,154308.jpg,3.33,154308,탱크 432
20162941,114282.jpg,8.24,114282,컨저링 2
20162932,153474.jpg,9.91,153474,또 하나의 사랑
20162931,155172.jpg,6.44,155172,1820: 잃어버린 제국의 비밀
20162930,144986.jpg,7.16,144986,멜라니: 인류의 마지막 희망인 소녀
20162929,144916.jpg,4.00,144916,백 인 더 데이
20162928,155044.jpg,7.50,155044,카페 6
20162927,154311.jpg,9.74,154311,오 마이 파파
20162926,16601.jpg,9.02,16601,바그다드 카페 : 디렉터스컷
20162925,160601.jpg,0.00,160601,더 보이
20162924,149650.jpg,6.78,149650,정사 : 결혼 말고 연애
20162923,149614.jpg,0.00,149614,은밀한 영업부: 유혹의 그림자
20162922,149613.jpg,0.00,149613,은밀한 영업부: 위험한 스캔들
20162921,149623.jpg,0.00,149623,혼외정사: 외국인의 맛
20162902,155410.jpg,9.05,155410,코리올라누스
20162887,151256.jpg,3.62,151256,안드론: 블랙 라비린스
20162884,161332.jpg,10.00,161332,나부코
20162883,159548.jpg,8.00,159548,이룰 수 없는 사랑
20162882,158771.jpg,9.00,158771,돈 지오반니
20162881,126504.jpg,7.21,126504,제3의 사랑
20162880,125812.jpg,7.67,125812,장미의 기사
20162878,158688.jpg,0.00,158688,라 트라비아타
20162876,58015.jpg,8.18,58015,트리스탄과 이졸데
20162875,146249.jpg,7.45,146249,탐정 당인: 차이나타운 살인사건
20162874,149624.jpg,0.00,149624,맞바람 부부의 고백
20162873,132627.jpg,8.67,132627,레고 배트맨 무비
20162872,149625.jpg,6.00,149625,위험한 섹스: 아야노의 불륜
20162871,146485.jpg,8.72,146485,특별시민
20162870,127382.jpg,8.05,127382,조작
20162869,146469.jpg,8.90,146469,택시운전사
20162868,158546.jpg,10.00,158546,좋은 날
20162867,150732.jpg,9.00,150732,나는 보았다
20162866,151442.jpg,0.00,151442,비상
20162863,148659.jpg,0.00,148659,베이글녀들의 성감클럽
20162862,150731.jpg,8.73,150731,"한양빌라, 401호"
20162852,154674.jpg,3.11,154674,이파니의 시크릿 관음클럽
20162851,146540.jpg,7.75,146540,반차
20162850,150539.jpg,10.00,150539,송곳니
20162849,150106.jpg,8.69,150106,설희
20162841,149626.jpg,0.00,149626,중독: 끝없는 성욕
20162829,126084.jpg,6.83,126084,스퀴즈
20162828,119383.jpg,3.11,119383,흉가 : 유령의 집
20162827,73442.jpg,4.63,73442,우주전쟁 : 화성을 지켜라
20162826,145374.jpg,0.00,145374,스페셜 포스 vs 분노의 좀비
20162825,147344.jpg,0.00,147344,유부녀 만남 사이트
20162824,149641.jpg,0.00,149641,흔들리며 젖는 열차
20162823,148612.jpg,0.00,148612,막장 젊은 아줌마
20162822,147324.jpg,0.00,147324,낮부터 정사 - 빨리와
20162821,148677.jpg,0.00,148677,절대복종-가녀린 몸매
20162820,155841.jpg,0.00,155841,유부녀 여사원 - 성희롱
20162819,148617.jpg,0.00,148617,절세부인의 사랑
20162818,143484.jpg,4.75,143484,블랙옵스 vs 좀비닌자
20162817,149222.jpg,9.67,149222,샬레
20162816,148650.jpg,0.00,148650,불륜정사-뒷조사
20162815,148685.jpg,0.00,148685,유부녀 - 남편 외출중
20162814,148686.jpg,0.00,148686,여변호사 - 굴욕법정
20162813,147360.jpg,0.00,147360,극강 수위 - 농후한 몸매
20162812,147361.jpg,0.00,147361,명품 몸매 형수님
20162811,102827.jpg,3.13,102827,프레지던트 테러 라이브
20162810,147345.jpg,0.00,147345,유부녀의 각성 - 수치심
20162809,147343.jpg,0.00,147343,동창생과 자는 여자
20162808,148640.jpg,0.00,148640,달콤한 입술 맛보기
20162807,147330.jpg,0.00,147330,타락하는 여상사
20162806,149642.jpg,0.00,149642,밤마다 에로 대운동회
20162805,149637.jpg,0.00,149637,붉은 알몸-격정사
20162804,148610.jpg,1.00,148610,야외 거유의 유혹
20162803,148619.jpg,7.75,148619,포비아: 악령의 한
20162801,121971.jpg,8.20,121971,리틀 데스
20162790,90938.jpg,9.21,90938,아트 오브 랩
20162787,139435.jpg,7.84,139435,테일 오브 테일즈
20162786,153531.jpg,4.91,153531,은밀한 정사
20162785,149632.jpg,0.00,149632,남녀의 속궁합
20162784,149631.jpg,10.00,149631,출근길: 남자들의 애무
20162783,149636.jpg,0.00,149636,과장님의 여직원 길들이기
20162782,149635.jpg,10.00,149635,섹스는 오감만족
20162781,149630.jpg,0.00,149630,아내의 위험한 부업
20162766,155631.jpg,0.00,155631,프로모션 걸의 사생활
20162765,137969.jpg,7.00,137969,바버샵 3
20162764,135021.jpg,0.00,135021,프레쉬 드레스드
20162762,162441.jpg,0.00,162441,클랜
20162739,160281.jpg,0.00,160281,어글리
20162738,155549.jpg,0.00,155549,영업사원: 5시부터 2차영업
20162737,18867.jpg,6.70,18867,옥보단 무삭제판
20162736,152141.jpg,0.00,152141,스푼
20162735,152140.jpg,0.00,152140,에일랜드
20162734,152139.jpg,0.00,152139,감옥의 시간
20162733,154706.jpg,0.00,154706,위험한 게임
20162732,148507.jpg,2.00,148507,워리 돌스
20163166,150279.jpg,0.00,150279,소풍
20163165,116867.jpg,7.64,116867,언유주얼 서스펙트
20163164,126078.jpg,8.77,126078,본 투 비 블루
20163163,87585.jpg,6.27,87585,오만과 편견 그리고 좀비
20163156,104783.jpg,10.00,104783,살아있는 시체들의 탄생
20163155,129230.jpg,7.83,129230,바후발리 : 더 비기닝
20163154,148602.jpg,6.00,148602,태양의 문
20163153,154171.jpg,10.00,154171,그래도 사랑이야
20163152,149582.jpg,6.00,149582,우리 지금 할래
20163151,150291.jpg,0.00,150291,달콤한 미스터리
20163150,150292.jpg,0.00,150292,우리 집에 호랑이가 산다
20163149,150289.jpg,0.00,150289,카틱
20163148,150293.jpg,0.00,150293,와일드리스
20163146,150310.jpg,8.00,150310,지나간 미래
20163145,129233.jpg,0.00,129233,목화의 꿈
20163144,150290.jpg,0.00,150290,갈매기의 도시
20163143,154681.jpg,7.68,154681,피고인들
20163142,146820.jpg,0.00,146820,겨울 감나무
20163141,146995.jpg,5.75,146995,위 스틸 킬
20163140,133470.jpg,10.00,133470,메신저
20163138,138652.jpg,0.00,138652,산불과 사람들
20163137,142691.jpg,8.82,142691,나의 소녀시대
20163136,146810.jpg,0.00,146810,레드엔드와 식물공장
20163135,150311.jpg,0.00,150311,주석소년
20163134,146681.jpg,0.00,146681,루센스
20163133,150309.jpg,0.00,150309,일광욕
20163131,150306.jpg,0.00,150306,트랜스휴먼스
20163130,125457.jpg,7.13,125457,헤일
20163129,129847.jpg,10.00,129847,예스맨 프로젝트 2
20163128,134574.jpg,9.33,134574,레이싱 익스팅션
20163127,148629.jpg,2.36,148629,마녀의 집
20163126,162830.jpg,0.00,162830,휴먼
20163125,141405.jpg,8.50,141405,뱅킹 네이처
20163123,94992.jpg,0.00,94992,빅 트레일
20163122,16910.jpg,0.00,16910,알래스카의 혼
20163121,148626.jpg,6.76,148626,이웃동서
20163107,155167.jpg,9.13,155167,아더왕의 전설
20163106,116601.jpg,0.00,116601,도그내퍼
20163105,144580.jpg,0.00,144580,사요나라
20163104,149585.jpg,0.00,149585,아내의 원초적 본능
20163103,149586.jpg,0.00,149586,착한 여자들: C컵 이상
20163100,86942.jpg,7.60,86942,매춘의 그림자
20163099,135698.jpg,8.33,135698,자개단추
20163098,149628.jpg,7.92,149628,카이: 거울 호수의 전설
20163097,146574.jpg,9.00,146574,철장을 열고
20163096,150287.jpg,8.50,150287,언브랜디드
20163094,146189.jpg,0.00,146189,훌리건 스패로우
20163093,133831.jpg,0.00,133831,텅 빈 하늘
20163092,150285.jpg,9.00,150285,나의 언덕이 푸르러질 때
20163091,142349.jpg,6.00,142349,이것이 모든 것을 바꾼다
20163090,150284.jpg,8.00,150284,살레로
20163089,150283.jpg,0.00,150283,얼룩진 하늘 - 보이지 않는 위협
20163088,143201.jpg,7.00,143201,점보 와일드
20163087,146756.jpg,9.17,146756,환상의 섬
20163086,118532.jpg,6.00,118532,깊은 곳에서
20163085,150282.jpg,0.00,150282,호수의 딸
20163084,141306.jpg,0.00,141306,핵의 봉인
20163083,150281.jpg,0.00,150281,땅을 사라
20163082,161247.jpg,0.00,161247,레이스
20163081,140787.jpg,8.33,140787,미라클 프롬 헤븐
20163071,99365.jpg,4.00,99365,아주 특별한 여행
20163070,153798.jpg,4.33,153798,아시안 커넥션
20163069,100929.jpg,10.00,100929,달나라 여행
20163068,11418.jpg,6.25,11418,달의 여인
20163066,150278.jpg,8.80,150278,핵마피아
20163064,150303.jpg,0.00,150303,웰기사람들
20163063,150276.jpg,10.00,150276,돌고래와 나
20163062,153029.jpg,0.00,153029,나는 지구입니다
20163061,150301.jpg,0.00,150301,살빼지 마요
20163060,149228.jpg,0.00,149228,뜻밖의 손님
20163059,150275.jpg,7.00,150275,내사랑 한옥마을
20163058,122917.jpg,7.85,122917,아브릴과 조작된 세계
20163057,149900.jpg,9.00,149900,깨어난 침묵
20163056,150305.jpg,8.67,150305,움켜쥔 땅
20163055,148434.jpg,8.33,148434,앤츠 온 어 쉬림프
20163054,146168.jpg,0.00,146168,하우 투 체인지 더 월드
20163053,134562.jpg,8.75,134562,카르텔 랜드
20163052,143542.jpg,0.00,143542,베헤모스
20163051,150304.jpg,0.00,150304,깨어나는 도시
20163050,138668.jpg,0.00,138668,개미무덤
20163049,142241.jpg,9.04,142241,다음 침공은 어디?
20163048,146539.jpg,7.00,146539,어둠에서 빛이 흘러나오는 소리
20162731,154581.jpg,0.00,154581,나비를 사랑한 소녀 이야기
20162730,154580.jpg,0.00,154580,새 집
20162729,150846.jpg,0.00,150846,자이로스 댄스
20162728,155614.jpg,0.00,155614,아름다워
20162727,153951.jpg,8.81,153951,루돌프와 많이있어
20162724,155820.jpg,0.00,155820,다리
20162723,144380.jpg,0.00,144380,무꾸리
20162722,146524.jpg,8.63,146524,보안관
20162721,149601.jpg,5.29,149601,매너선생님
20162719,149248.jpg,9.44,149248,러너
20162716,154703.jpg,0.00,154703,힘껏
20162715,154374.jpg,0.00,154374,재회
20162714,154701.jpg,0.00,154701,전출통보
20162713,154301.jpg,0.00,154301,일상다반사
20162712,146797.jpg,0.00,146797,라이사
20162711,151347.jpg,0.00,151347,시선
20162710,154578.jpg,0.00,154578,예방
20162709,154577.jpg,0.00,154577,레트로섹스
20162706,97545.jpg,7.63,97545,휴먼 레이스
20162705,155328.jpg,9.74,155328,상은: 너에게 중독되다
20162704,149645.jpg,7.86,149645,극장판 안녕 자두야
20162703,134848.jpg,4.73,134848,서머지드
20162702,133406.jpg,8.08,133406,킬로 투 브라보
20162701,149646.jpg,5.69,149646,입영전야
20162687,147994.jpg,0.00,147994,라우프: 소년의 소원
20162686,157067.jpg,0.00,157067,오드볼
20162685,141948.jpg,0.00,141948,파인더
20162684,149647.jpg,8.63,149647,탐욕의 별
20162683,148604.jpg,3.97,148604,디 앤써
20162682,148690.jpg,6.67,148690,저스트 렛 고
20162681,145404.jpg,7.97,145404,유리의 꽃과 부수는 세계
20162670,154125.jpg,4.58,154125,갈리폴리: 최악의 상륙작전
20162666,114025.jpg,0.00,114025,더 롱거스트 디스턴스
20162665,155408.jpg,4.22,155408,좀비의 습격-잃어버린 도시
20162663,145739.jpg,8.00,145739,약속
20162662,148666.jpg,7.00,148666,동거의 목적
20162645,123744.jpg,0.00,123744,도미노 이펙트
20162644,149619.jpg,0.00,149619,미망인의 참을 수 없는 욕정
20162643,149620.jpg,3.50,149620,뜨거운 정사 - 미나 이야기
20162642,145141.jpg,4.33,145141,욕망의 젊은 도우미
20162641,137048.jpg,7.64,137048,거짓말은 자란다
20162629,140803.jpg,8.90,140803,하이큐!! 끝과 시작
20162622,135472.jpg,1.00,135472,여성배우들
20162621,111954.jpg,5.61,111954,파라노말 액티비티: 더 고스트 디멘션
20162610,98431.jpg,9.67,98431,사샤의 북극 대모험
20162609,155550.jpg,5.32,155550,인어공주 : 새로운 모험의 시작
20162608,155541.jpg,8.95,155541,나의 살던 고향은
20162607,155547.jpg,6.76,155547,슈퍼 버드
20162606,155559.jpg,0.00,155559,검정 스타킹: 맛있는 속살
20162605,155560.jpg,0.00,155560,두 여자의 미친 섹스
20162603,152102.jpg,5.50,152102,풀: 분노의 광기
20162602,121526.jpg,0.00,121526,이스마엘
20162601,152612.jpg,6.40,152612,한 판
20162593,147368.jpg,7.20,147368,등산
20162592,126056.jpg,4.63,126056,더 컬링
20162586,148605.jpg,0.00,148605,위험한 상상: 치한에게 느낀 욕정
20162585,141878.jpg,6.63,141878,프랑코포니아
20162584,140010.jpg,8.06,140010,주님의 사랑때문에
20162583,94200.jpg,6.57,94200,불륜관계
20162582,154121.jpg,6.78,154121,천지영웅 장청
20162581,125483.jpg,5.17,125483,"연애의 발동 : 상해 여자, 부산 남자"
20162580,96914.jpg,7.00,96914,애정 남녀
20162579,137309.jpg,7.77,137309,세이빙 미스터 우
20162578,141397.jpg,3.99,141397,성룡의 아시수
20162577,139358.jpg,7.24,139358,사부: 영춘권 마스터
20162576,134828.jpg,7.60,134828,만물생장-끝없는 관계
20162575,159580.jpg,3.08,159580,천하무림불패
20162574,152116.jpg,6.00,152116,대도무문
20162573,95516.jpg,5.88,95516,계약연애
20162571,142369.jpg,6.76,142369,맨 앤 치킨
20162570,147306.jpg,5.50,147306,라 스칼라 라 트라비아타
20162569,139613.jpg,9.14,139613,오베라는 남자
20162568,147054.jpg,8.19,147054,신은 죽지 않았다 2
20162567,91922.jpg,9.00,91922,밝은 날이 올 거야
20162566,134410.jpg,0.00,134410,딜리셔스
20162565,106052.jpg,10.00,106052,워즈 앤 픽쳐스
20162564,104435.jpg,5.71,104435,사랑과 음악사이
20162563,127336.jpg,5.33,127336,애더럴 다이어리
20162562,143066.jpg,6.67,143066,가디스 오브 러브
20162523,155504.jpg,8.80,155504,언틸 포에버
20162521,148609.jpg,6.01,148609,캘린더걸
20162504,144355.jpg,8.60,144355,감바의 대모험
20162496,149648.jpg,6.17,149648,헨젤과 그레텔
20162495,148883.jpg,0.00,148883,벚꽃나무 아래서
20162494,148884.jpg,0.00,148884,빼앗긴 거리
20162493,144045.jpg,0.00,144045,스네이크 스킨
20162492,148881.jpg,0.00,148881,수상 관저 앞에서
20162489,148882.jpg,0.00,148882,프로젝트 후쿠시마!
20162488,88673.jpg,0.00,88673,도쿄 드리프터
20162486,148880.jpg,10.00,148880,416프로젝트 “망각과 기억”
20162483,148849.jpg,5.00,148849,"김수영, 불온한 시절"
20162482,136959.jpg,8.39,136959,예고범
20162481,146519.jpg,8.05,146519,호두까기 인형: 장난감 왕국 대모험
20162468,155406.jpg,10.00,155406,하이앤로우 더 레드 레인
20162467,144001.jpg,7.34,144001,붕붕 달려라 깜이
20162466,148848.jpg,10.00,148848,"1968년, 눈물의 영화"
20162465,148850.jpg,0.00,148850,깨끗하고 불빛 환한 곳
20162464,148851.jpg,0.00,148851,늙은 연꽃
20162463,148852.jpg,10.00,148852,덩어리
20162462,148853.jpg,0.00,148853,매듭
20162461,148620.jpg,6.61,148620,다이노X 탐험대
20162443,150657.jpg,5.21,150657,하이앤로우 더 무비
20162442,153652.jpg,9.50,153652,청년경찰
20162440,148874.jpg,0.00,148874,별헤는 밤
20162438,148875.jpg,0.00,148875,"사라질 것들, 살아갈 곳들"
20162437,148876.jpg,0.00,148876,알바하는 당신이 꼭 봐야할 영화
20162436,148877.jpg,10.00,148877,워크맨
20162435,148879.jpg,10.00,148879,퍼펙트 마라톤
20162434,147321.jpg,4.00,147321,데빌 인사이드 : 악령의 집
20162433,160033.jpg,0.00,160033,같이
20162432,148889.jpg,7.00,148889,그녀들의 점심시간
20162431,148656.jpg,8.59,148656,극장판 프랭키와 친구들: 생명의 나무
20162429,148637.jpg,0.00,148637,친구엄마: 사랑이 필요해
20162428,148636.jpg,0.00,148636,정사: 친구 딸의 남자친구
20162427,148638.jpg,0.00,148638,치한전철: 예쁜 여자만 노린다
20162426,148891.jpg,10.00,148891,날고 싶어
20162425,148886.jpg,10.00,148886,빙빙
20162424,148887.jpg,0.00,148887,외곽
20162422,99675.jpg,8.99,99675,요노스케 이야기
20162421,148759.jpg,10.00,148759,사람이 산다
20162404,134873.jpg,7.49,134873,고스트버스터즈
20162367,99380.jpg,8.20,99380,행자
20162364,104605.jpg,7.43,104605,바이러스 격리 구역
20162363,148673.jpg,0.00,148673,세일즈 우먼의 불륜정사
20162361,148647.jpg,9.47,148647,환절기
20162352,135060.jpg,0.00,135060,판판
20162349,145562.jpg,0.00,145562,노 노 슬립
20162345,143771.jpg,8.00,143771,백일홍
20162344,129052.jpg,7.72,129052,군중낙원
20162343,155256.jpg,9.19,155256,악녀
20162326,143556.jpg,0.00,143556,오후
20162325,121580.jpg,7.50,121580,서유
20162321,125423.jpg,8.48,125423,트리플 9
20162304,155546.jpg,0.00,155546,남몰래 즐긴 섹스
20162303,119159.jpg,3.41,119159,오퍼나지: 비밀의 집
20162301,93079.jpg,8.38,93079,기억의 조각들
20162300,148655.jpg,7.94,148655,매직브러시
20162299,134885.jpg,7.67,134885,시크릿 인 데어 아이즈
20162298,145369.jpg,0.00,145369,친구 아내: 절친 부부의 초대장
20162297,152954.jpg,0.00,152954,구멍
20162296,65517.jpg,0.00,65517,몽파르나스의 연인
20162295,145147.jpg,0.00,145147,에스트라파드 거리
20162293,145145.jpg,0.00,145145,7월의 랑데부
20162291,145146.jpg,0.00,145146,파리의 장식
20162287,145144.jpg,8.67,145144,쇼와잔협전: 죽어주셔야 되겠습니다
20162285,103086.jpg,10.00,103086,에어 포스
20162284,117566.jpg,0.00,117566,도시의 거리
20162283,143821.jpg,5.89,143821,여자전쟁: 도기의 난
20162282,51326.jpg,10.00,51326,제7의 천국
20162281,65750.jpg,0.00,65750,동쪽 저 멀리
20162267,152254.jpg,3.18,152254,리메인즈
20162266,155503.jpg,9.50,155503,다이아몬드 하이스트
20162264,148693.jpg,5.50,148693,클린턴로드 : 죽음의 호수
20162263,109916.jpg,8.00,109916,구원자
20162262,148657.jpg,0.00,148657,비밀정사:친구의 아빠
20162252,142276.jpg,6.29,142276,마담 마리의 우아한 복수
20162247,162674.jpg,0.00,162674,롤로
20162244,131637.jpg,8.61,131637,백엔의 사랑
20162243,134591.jpg,7.00,134591,리슨 투 미 말론
20162242,142641.jpg,7.34,142641,우주의 크리스마스
20162241,121547.jpg,7.71,121547,마일드 앤 러블리
20162223,128737.jpg,0.00,128737,이타카로의 귀환
20162222,71974.jpg,7.49,71974,극장판 울트라맨 우주 몬스터 대결전
20162204,103735.jpg,2.25,103735,쥬라기공원: 다이노어택
20162203,138920.jpg,2.67,138920,악령의 재림
20162202,148653.jpg,4.13,148653,피라냐콘다
20162201,133437.jpg,8.47,133437,신을 믿습니까?
20162183,152265.jpg,8.75,152265,포켓몬 더 무비 XY&Z 「볼케니온 : 기계왕국의 비밀」
20164195,162450.jpg,0.00,162450,사이
20164194,51384.jpg,1.50,51384,옹박 : 하얀 원숭이 전사
20164190,151892.jpg,0.00,151892,Man Cave
20164189,150995.jpg,0.00,150995,보자기 속 손거울
20164187,139266.jpg,5.33,139266,옹박 2016: 혈투
20164186,150994.jpg,10.00,150994,내겐 너무 귀여운 그대
20164185,113496.jpg,10.00,113496,쓰리매니웨딩
20164184,149513.jpg,9.60,149513,꿈틀꿈틀
20164183,117776.jpg,8.20,117776,사랑: 세 도시 이야기
20164182,155599.jpg,0.00,155599,할미
20164181,146378.jpg,0.00,146378,이브
20164179,161847.jpg,9.70,161847,로봇
20164178,54813.jpg,8.20,54813,미행토끼
20164177,75759.jpg,0.00,75759,길을 묻습니다.
20164176,155816.jpg,5.25,155816,불륜 중독: 남자들의 섹스 노리개
20164175,148853.jpg,0.00,148853,매듭
20164174,152170.jpg,9.48,152170,V.I.P.
20164173,159529.jpg,5.50,159529,스캔들
20164171,144290.jpg,8.86,144290,비바
20164170,76833.jpg,5.00,76833,방라잔 2 : 결전의 날
20164169,122995.jpg,7.83,122995,드래곤 네스트: 평화 기사단 VS 블랙 드래곤
20164168,138030.jpg,8.34,138030,제독 : 미힐 드 로이테르
20164167,129981.jpg,8.05,129981,욕망의 둥지
20164166,150905.jpg,0.00,150905,내가 원하는 것은 사랑하는 저것이 오래 지속 되는 것이다
20164165,150910.jpg,0.00,150910,나의 기념일
20164164,150904.jpg,0.00,150904,다녀올게
20164163,162091.jpg,0.00,162091,아들
20164162,125416.jpg,6.06,125416,페이 더 고스트
20164161,152110.jpg,8.50,152110,마탄의 사수
20164160,160848.jpg,0.00,160848,마마
20164159,140741.jpg,5.82,140741,낯선 집
20164158,144253.jpg,8.81,144253,꼬마기사 트랭크
20164157,156364.jpg,0.00,156364,스위트 홈
20164151,149485.jpg,10.00,149485,농담
20164149,152841.jpg,0.00,152841,곁
20164147,150915.jpg,6.50,150915,리얼 버라이어티 쇼
20164146,150913.jpg,0.00,150913,개가 있던 자리
20164145,159108.jpg,10.00,159108,꿈
20164142,146576.jpg,10.00,146576,처음
20164132,150900.jpg,9.85,150900,연애경험
20164131,150911.jpg,0.00,150911,중급불어
20164128,150897.jpg,9.00,150897,모닝 스트러글
20164126,150896.jpg,10.00,150896,관계없는 우주
20164123,150895.jpg,0.00,150895,문도
20164103,155388.jpg,10.00,155388,패션필름
20164102,161963.jpg,10.00,161963,I am
20164100,162027.jpg,0.00,162027,스프링
20164099,143338.jpg,6.93,143338,세기말 하모니
20164098,141533.jpg,2.50,141533,무국적소녀
20164097,121365.jpg,8.11,121365,71 : 벨파스트의 눈물
20164096,100641.jpg,7.49,100641,본 토마호크
20164095,143733.jpg,9.25,143733,바람이 분다
20164094,150551.jpg,7.37,150551,립반윙클의 신부
20164093,151965.jpg,7.40,151965,연애영화
20164092,150893.jpg,10.00,150893,6D 극장
20164091,144194.jpg,8.29,144194,썸씽 라이크 썸씽 라이크 잇
20164090,122511.jpg,7.50,122511,올스타
20164089,151008.jpg,9.00,151008,아무 일도 없었다.
20164088,151007.jpg,8.13,151007,수요기도회
20164086,158467.jpg,7.29,158467,미용실
20164085,150912.jpg,9.17,150912,"못, 함께하는"
20164084,151003.jpg,0.00,151003,말하지 않으면
20164083,151002.jpg,8.43,151002,나가요: ながよ
20164082,151001.jpg,10.00,151001,국악으로 밥벌어먹기
20164081,147308.jpg,3.61,147308,갈래
20164066,155386.jpg,0.00,155386,촉법소년
20164065,155380.jpg,7.50,155380,업무시간
20164063,156114.jpg,9.82,156114,하루
20164062,154078.jpg,9.83,154078,이터너티
20164061,150590.jpg,0.00,150590,남편 아들의 끝없는 욕망
20164060,150892.jpg,8.50,150892,헤어컷
20164059,150890.jpg,0.00,150890,악어사냥
20164058,149901.jpg,0.00,149901,하루 또 하루
20164057,150885.jpg,10.00,150885,Nowhere Boy
20164056,150886.jpg,10.00,150886,Madame 뚜왈렛
20164055,150884.jpg,0.00,150884,오래된 아이
20164054,150883.jpg,0.00,150883,내방여행
20164053,150882.jpg,0.00,150882,"너는, 어디에도 없을 거야"
20164052,131817.jpg,0.00,131817,언더더씨
20164051,150879.jpg,10.00,150879,모나리자
20164050,150880.jpg,0.00,150880,캣츠 스쿨
20164049,149899.jpg,10.00,149899,깊고 오랜 사랑
20164048,144504.jpg,9.00,144504,22(용기 있는 삶)
20164047,150881.jpg,0.00,150881,꿈속의 그와 한 번 더
20164046,150878.jpg,0.00,150878,우리에 대한 어떤 것
20164045,150889.jpg,7.33,150889,연지
20164044,150887.jpg,0.00,150887,소속과 소외의 경계
20164043,150877.jpg,9.00,150877,강냉이
20164042,150888.jpg,10.00,150888,동구야
20164041,151249.jpg,7.75,151249,고려 아리랑: 천산의 디바
20164022,137898.jpg,8.02,137898,바운티 헌터스: 현상금사냥꾼
20164003,148384.jpg,0.00,148384,성주
20164001,149555.jpg,5.48,149555,착한 여비서의 목적
20164000,155345.jpg,0.00,155345,원더풀 월드
20163999,150773.jpg,0.00,150773,"두근두근, 안녕"
20163997,150541.jpg,0.00,150541,피플퍼스트
20163996,139801.jpg,0.00,139801,그늘
20163994,159108.jpg,10.00,159108,앤드
20163993,158471.jpg,10.00,158471,슈퍼걸 : 미녀파이터
20163991,103386.jpg,8.04,103386,천명
20163989,140786.jpg,10.00,140786,"Knock, Knock, Knock"
20163988,155370.jpg,10.00,155370,감기
20163987,158808.jpg,9.74,158808,술래잡기
20163986,156048.jpg,0.00,156048,나의 오른팔
20163985,155630.jpg,0.00,155630,카쿠야의 음란한 동거: 그녀의 정사
20163984,155558.jpg,0.00,155558,섹스 전문 레이코의 하루
20163983,155103.jpg,6.67,155103,코어 임팩트: 행성 충돌
20163982,155638.jpg,3.00,155638,죽음의 졸업파티
20163981,150117.jpg,8.90,150117,극장판 유희왕 더 다크 사이드 오브 디멘션즈
20163966,155538.jpg,0.00,155538,관능 소설가의 노예 아내
20163965,152479.jpg,0.00,152479,랩소디
20163964,155537.jpg,0.00,155537,섹녀: 친구의 여친
20163963,155110.jpg,6.04,155110,어린 아내
20163962,144780.jpg,6.81,144780,잔예 - 살아서는 안되는 방
20163961,133424.jpg,8.55,133424,데몰리션
20163945,119181.jpg,7.75,119181,아메리칸 폴터가이스트
20163944,128327.jpg,4.39,128327,더 디바이스
20163943,155509.jpg,0.00,155509,특별한 맛 - 미시女(녀)
20163942,137908.jpg,8.38,137908,히어로2
20163941,158855.jpg,0.00,158855,베어
20163923,127765.jpg,4.50,127765,건우먼
20163922,105591.jpg,4.94,105591,바이 더 건
20163921,137057.jpg,4.08,137057,피어 오브 다크니스
20163906,154183.jpg,9.78,154183,아들에게 가는 길
20163904,150571.jpg,0.00,150571,자매: 욕망에 눈뜨다
20163903,149516.jpg,8.06,149516,리틀메딕: 몸속탐험대
20163902,150570.jpg,0.00,150570,트럭걸 나미
20163901,150572.jpg,0.00,150572,욕망의 하숙집
20163887,83260.jpg,8.08,83260,핸즈 오브 스톤
20163886,139913.jpg,0.00,139913,새로 온 동료
20163885,155568.jpg,0.00,155568,깨어있으라
20163884,144945.jpg,8.75,144945,아기배달부 스토크
20163882,153294.jpg,10.00,153294,구해주세요
20163881,149540.jpg,0.00,149540,에투알 갈라쇼
20163879,150373.jpg,4.00,150373,슬랙 베이: 바닷가 마을의 비밀
20163878,153406.jpg,1.00,153406,금지된 섹스 몽정사
20163870,149896.jpg,0.00,149896,"9월 28일, 맑음"
20163869,150153.jpg,8.45,150153,선생
20163868,144009.jpg,9.20,144009,당나귀
20163867,139518.jpg,0.00,139518,태양 아래서
20163864,150532.jpg,0.00,150532,살인 신호등
20163863,146591.jpg,0.00,146591,치유
20163862,150525.jpg,0.00,150525,연약함
20163856,147886.jpg,8.55,147886,호비와 동화나라 대모험
20163854,153994.jpg,8.00,153994,페니 핀처
20163852,144971.jpg,9.25,144971,플라이 투 더 스카이
20163850,137881.jpg,0.00,137881,마이 골든 데이즈
20163845,155484.jpg,8.74,155484,터닝메카드W: 블랙미러의 부활
20163842,142633.jpg,10.00,142633,사월의 끝
20163841,144798.jpg,8.17,144798,플래그 더 문
20163824,155123.jpg,9.45,155123,미스 사이공 : 25주년 특별 공연
20163823,149578.jpg,0.00,149578,아메리칸 섹스 파이
20163822,102805.jpg,5.46,102805,최후의 Z
20163821,149543.jpg,3.00,149543,완전한 사육 : 소원을 말해봐
20163804,156738.jpg,0.00,156738,"뵈르게 모겐센, 일상을 디자인하다"
20163803,156735.jpg,8.57,156735,건축사가 사는 곳
20163802,156737.jpg,5.20,156737,예술가의 집
20163801,149551.jpg,6.67,149551,뒤가참좋아
20163785,156739.jpg,0.00,156739,야마모토 요지: 드레스메이커
20163784,156736.jpg,10.00,156736,그레이슨 페리의 꿈의 집
20163783,155697.jpg,8.00,155697,마일스와 함께 집 짓기
20163782,140276.jpg,0.00,140276,드림 랜드
20163781,149550.jpg,7.00,149550,간호기숙사
20163769,141408.jpg,0.00,141408,안개의 아이들이 사는 땅
20163768,156727.jpg,8.50,156727,포고섬 이야기: 낯설고도 익숙한
20163767,149549.jpg,7.57,149549,음란해녀
20163766,149548.jpg,7.25,149548,여자직원
20163765,149547.jpg,6.20,149547,롯폰기 스캔들
20163764,150543.jpg,8.17,150543,사랑의 이발소
20163763,89382.jpg,7.50,89382,폭행 잭더리퍼
20163762,150544.jpg,7.14,150544,수상한 여의사
20163761,158795.jpg,0.00,158795,착한자매
20163748,89047.jpg,8.00,89047,미완의 공간들
20163746,156732.jpg,0.00,156732,지오 폰티 예찬
20163745,156728.jpg,10.00,156728,건축의 선구자 페터 베렌스
20163744,156729.jpg,0.00,156729,니콜라스 그림쇼의 12가지 즐거움
20163743,156733.jpg,8.00,156733,프라이 오토의 움직이는 미래
20163742,156731.jpg,8.67,156731,"에로 사리넨, 미래를 짓다"
20163741,44824.jpg,7.33,44824,마지막 연가
20163725,142937.jpg,6.67,142937,"밀라노 대성당, 끝없는 건축"
20163724,156734.jpg,9.00,156734,"오래된 터, 새로운 삶"
20163723,156730.jpg,8.33,156730,르 코르뷔지에의 디자인 혁명
20163722,134728.jpg,2.62,134728,아이스 넥스트 투모로우
20163721,149565.jpg,6.46,149565,탐정사무소 - 사랑과 전쟁
20163703,155120.jpg,5.70,155120,전망 좋은 집 3
20163702,142211.jpg,8.00,142211,까시
20163689,155119.jpg,7.00,155119,스와핑 : 친구의 아내
20163688,151252.jpg,5.00,151252,론섬 도브 처치
20163687,113682.jpg,0.00,113682,라인 오브 듀티
20163686,107044.jpg,5.70,107044,캐빈 피버: 페이션트 제로
20163670,118953.jpg,8.34,118953,거울
20163669,149643.jpg,7.78,149643,탐욕
20163668,120199.jpg,5.57,120199,에이리언: 버뮤다 삼각지대
20163666,149573.jpg,0.00,149573,맛있는 간호사의 불륜
20163665,149542.jpg,4.22,149542,잠 못 이루는 섹스 2
20163664,136325.jpg,3.21,136325,익스트림 타겟
20163663,144055.jpg,8.61,144055,미스터 앙리와의 조금(?!) 특별한 동거
20163662,112419.jpg,5.60,112419,미셔너리: 감춰진 그림자
20163661,120791.jpg,7.66,120791,레전드 오브 타잔
20163644,155111.jpg,0.00,155111,젊은 미망인의 욕정
20163643,149577.jpg,2.83,149577,헌팅 인 살렘: 악령의 마을
20163642,149572.jpg,0.00,149572,몸 로비
20163641,140605.jpg,3.79,140605,예루살렘Z: 좀비와의 전쟁
20163624,155112.jpg,0.00,155112,젊은 과부의 욕정
20163623,144298.jpg,6.08,144298,프랑스 대테러
20163622,154339.jpg,0.00,154339,젊은 새엄마
20163621,149167.jpg,6.50,149167,런 라이크 헬
20163603,127398.jpg,9.60,127398,가디언즈 오브 갤럭시 VOL. 2
20163602,150830.jpg,6.67,150830,밤과 함께
20163601,150829.jpg,5.50,150829,유턴
20163600,140803.jpg,8.90,140803,끝과 시작
20163599,97177.jpg,10.00,97177,성장통
20163598,145007.jpg,9.09,145007,첫 데이트
20163597,155125.jpg,10.00,155125,가족의 탄생
20163596,136712.jpg,0.00,136712,미끼와 바늘
20163595,150711.jpg,0.00,150711,네 개의 꼬리
20163594,150710.jpg,0.00,150710,작은 마을
20163593,118966.jpg,9.45,118966,숲
20163592,150712.jpg,10.00,150712,드리밍 아페카
20163591,157012.jpg,6.45,157012,휴가
20163590,131166.jpg,0.00,131166,출가
20163589,151575.jpg,7.00,151575,죄수
20163588,150714.jpg,0.00,150714,배고픈 예술가
20163587,150827.jpg,0.00,150827,The City of Refuge
20163586,150715.jpg,9.00,150715,짜고 달게
20163585,150716.jpg,0.00,150716,헤비급
20163584,143739.jpg,9.50,143739,해수탕 여인
20163582,141445.jpg,5.52,141445,카메라 13
20163581,150542.jpg,3.00,150542,추파카브라: 죽음의 습격
20163580,127397.jpg,7.84,127397,그레이트 월
20163579,75224.jpg,5.50,75224,인사이드 링: 항공기를 훔쳐라
20163578,150548.jpg,0.00,150548,너의 의미
20163577,150547.jpg,0.00,150547,스페이스 오디세이
20163576,118953.jpg,8.34,118953,이상한 나라
20163575,150727.jpg,10.00,150727,말썽쟁이
20163574,138563.jpg,3.81,138563,여동생의 비밀
20163573,97647.jpg,7.77,97647,가족의 초상
20163572,123630.jpg,6.96,123630,기사
20163571,162569.jpg,0.00,162569,재즈
20163570,149521.jpg,0.00,149521,할아버지의 채무자
20163569,149522.jpg,0.00,149522,쉬운 인생
20163568,116992.jpg,0.00,116992,문지방
20163566,158181.jpg,10.00,158181,소나기
20163565,151987.jpg,7.57,151987,구원
20163564,149525.jpg,0.00,149525,희미한 빛
20163563,99954.jpg,0.00,99954,친구의 장례식
20163562,149526.jpg,0.00,149526,자동차 경주
20163561,148628.jpg,10.00,148628,젊은 엄마들: 여자가 되는 날
20163543,160272.jpg,0.00,160272,Distance
20163542,143930.jpg,7.00,143930,애프터 에덴: 이브의 고백
20163541,149954.jpg,7.89,149954,파두
20163523,155116.jpg,4.25,155116,쌍둥이 에로 킬러 - 자매의 유혹
20163521,160087.jpg,0.00,160087,스플릿
20163503,144003.jpg,6.07,144003,비밀결사: 라이치 히카리 클럽
20163502,150411.jpg,8.50,150411,1킬로그램
20163500,158679.jpg,0.00,158679,성장
20163499,150720.jpg,0.00,150720,적어도 당신이 아는 것
20163497,150719.jpg,0.00,150719,난간
20163496,144848.jpg,0.00,144848,줄리아
20163495,79357.jpg,0.00,79357,세상의 질서
20163493,144990.jpg,7.06,144990,재키
20163492,149533.jpg,0.00,149533,토미를 위하여
20163490,149534.jpg,0.00,149534,믿어줘
20163489,150718.jpg,0.00,150718,슬로바키아
20163488,149536.jpg,0.00,149536,베르니체의 생각
20163487,149535.jpg,0.00,149535,인생게임
20163486,150717.jpg,0.00,150717,그래도 좋을거야
20163485,155761.jpg,10.00,155761,엄마
20163484,124749.jpg,0.00,124749,아가씨의 날
20163483,149539.jpg,0.00,149539,나중에 생각하는 것
20163482,149538.jpg,0.00,149538,알츠하이머
20163464,155414.jpg,8.59,155414,겁쟁이 페달: 스페어바이크
20163463,150550.jpg,8.50,150550,피가로의 결혼
20163462,139377.jpg,10.00,139377,그녀의 냉면 계산법
20163455,157456.jpg,10.00,157456,사랑의 무게
20163449,150703.jpg,0.00,150703,버려진 것들의 요리법
20163448,132263.jpg,0.00,132263,슈거블루스
20163447,149985.jpg,0.00,149985,고기를 원한다면
20163446,154609.jpg,9.00,154609,요리사
20163445,44033.jpg,0.00,44033,마늘이 엄마보다 더 좋아
20163444,149584.jpg,2.80,149584,맛있는 영화
20163443,149554.jpg,5.11,149554,옆집 누나
20163442,149571.jpg,0.00,149571,맛있는 성노예
20163441,134825.jpg,6.99,134825,몽키킹2: 서유기 여정의 시작
20163437,152144.jpg,0.00,152144,드리븐
20163436,152148.jpg,0.00,152148,산의 그림자
20163435,152149.jpg,0.00,152149,포토 부스
20163434,152150.jpg,0.00,152150,좀비의 노래
20163431,149640.jpg,0.00,149640,쾌감 에로수행
20163430,149638.jpg,0.00,149638,동정바친 가정교사
20163429,149639.jpg,0.00,149639,유부녀 매춘 실제상황
20163428,147359.jpg,0.00,147359,타락한 부인 - 흥분만점
20163427,148611.jpg,0.00,148611,두꺼운 정력가와 유부녀
20163426,149602.jpg,0.00,149602,현역 여대생의 실화
20163425,17247.jpg,9.00,17247,맛있게 드십시오
20163424,149617.jpg,0.00,149617,섹스의존증의 여자
20163423,149615.jpg,2.00,149615,미망인 하숙집의 환락
20163422,147327.jpg,0.00,147327,남편을 위한 정사
20163421,147309.jpg,1.00,147309,제자의 육체 노출
20163420,149518.jpg,0.00,149518,꽃꽃이 부인의 가슴향기
20163419,149612.jpg,0.00,149612,관능 여의사의 치욕
20163418,149608.jpg,0.00,149608,가슴으로 죽이는 여자
20163417,149568.jpg,0.00,149568,남편 사진 앞에서 불륜
20163416,149616.jpg,0.00,149616,복숭아골 유부녀
20163415,149609.jpg,0.00,149609,거유 형수님과 불륜
20163414,149603.jpg,0.00,149603,음란 사육일기
20163412,149604.jpg,0.00,149604,미망인 절정분수
20163411,122131.jpg,8.92,122131,서프러제트
20163410,150704.jpg,0.00,150704,상상 속의 만찬
20163409,100081.jpg,7.13,100081,무사의 레시피
20163408,147842.jpg,0.00,147842,아내의 남편은 요리사
20163407,79131.jpg,7.51,79131,달팽이 식당
20163406,87579.jpg,7.88,87579,스키야키: 감방미식회
20163405,136281.jpg,0.00,136281,커피에 빠지다
20163403,149247.jpg,0.00,149247,피의 극장
20163402,63587.jpg,3.63,63587,맥베드
20163401,148663.jpg,10.00,148663,"불의 날, 생명을 말하다"
20163400,154715.jpg,0.00,154715,원스 어폰 쓰리 타임
20163399,153510.jpg,5.50,153510,10분 전
20163398,152145.jpg,0.00,152145,암베르크
20163397,132307.jpg,5.61,132307,치즈
20163396,152147.jpg,0.00,152147,내가 아니야
20163395,153741.jpg,0.00,153741,마술사
20163394,154807.jpg,0.00,154807,홈런
20163393,155553.jpg,0.00,155553,음란하게 음탕하게
20163392,154811.jpg,0.00,154811,여름방학
20163391,145050.jpg,9.75,145050,화실
20163390,155557.jpg,0.00,155557,신혼녀의 뜨거운 호흡
20163389,150896.jpg,10.00,150896,관계
20163388,154803.jpg,0.00,154803,공간 공포
20163387,154801.jpg,0.00,154801,도파도
20163386,156674.jpg,0.00,156674,제부와 갑작스런 불륜
20163385,153797.jpg,0.00,153797,변태 엉덩이 정사
20163383,155512.jpg,0.00,155512,음란한 그녀의 하반신
20163382,154341.jpg,0.00,154341,노출 쾌락 거유녀-전편
20163381,110634.jpg,7.42,110634,오픈 그레이브
20163380,141177.jpg,2.70,141177,더 샌드
20163379,139877.jpg,0.00,139877,"세르지오 헤르만, 미치도록 완벽한"
20163377,148441.jpg,1.00,148441,완탕면
20163374,143952.jpg,8.26,143952,노마: 뉴 노르딕 퀴진의 비밀
20163373,110885.jpg,0.00,110885,후무스 이야기
20163371,140616.jpg,9.00,140616,카페 필로소피 코피
20163370,121672.jpg,7.78,121672,아메리칸 초밥왕
20163369,69551.jpg,0.00,69551,차 한 잔에 담긴 것들
20163368,151675.jpg,7.75,151675,프란시스의 밀실
20163367,152331.jpg,8.01,152331,보통사람들
20163366,71957.jpg,8.35,71957,사랑의 전주곡
20163365,118967.jpg,7.39,118967,이집트
20163364,22561.jpg,10.00,22561,유관순
20163363,149562.jpg,0.00,149562,음란한 AV아이돌
20163362,143564.jpg,8.60,143564,히치콕 트뤼포
20163361,144849.jpg,8.71,144849,쇼콜라
20163360,154336.jpg,0.00,154336,능욕 보험 영업의 비밀
20163359,154132.jpg,0.00,154132,전라의 아내를 찍은 상사
20163358,143433.jpg,6.92,143433,우드론
20163355,146145.jpg,4.50,146145,"더 퍼스트, 더 라스트"
20163354,146175.jpg,0.00,146175,배드 키즈
20163353,144345.jpg,0.00,144345,파티마
20163352,66418.jpg,7.47,66418,300 스파르탄
20163351,149532.jpg,0.00,149532,겐로쿠 추신구라 후편
20163350,149590.jpg,6.36,149590,남녀의 궁합
20163349,158874.jpg,0.00,158874,인시던트
20163348,150722.jpg,7.50,150722,[SIAFF2016] 국제단편경쟁 4
20163344,148428.jpg,0.00,148428,점프
20163343,143473.jpg,8.21,143473,아빠
20163342,141566.jpg,0.00,141566,매직 마운틴
20163341,150721.jpg,0.00,150721,끝나지 않은 사랑의 기적 장기려
20163340,154808.jpg,0.00,154808,버스 스토리
20163339,148486.jpg,0.00,148486,빠져나올 수 없는
20163338,154806.jpg,0.00,154806,바퀴벌레
20163337,154805.jpg,0.00,154805,악셀
20163336,154334.jpg,0.00,154334,연하남 마사지사와의 비밀
20163335,155548.jpg,0.00,155548,불륜녀의 정욕
20163334,155622.jpg,0.00,155622,가정부의 젖은 스타킹
20163333,154697.jpg,0.00,154697,러브
20163332,155623.jpg,0.00,155623,그놈의 강제정사
20163331,154802.jpg,0.00,154802,나들이
20163330,155510.jpg,0.00,155510,젖은 육체의 속삭임
20159717,38877.jpg,7.80,38877,일곱 번의 기회
20159707,36906.jpg,0.00,36906,전문학교
20159705,154962.jpg,9.50,154962,카메라맨
20159704,133081.jpg,7.00,133081,그레이트 스톤 페이스
20159701,154128.jpg,0.00,154128,마귀
20159687,145417.jpg,0.00,145417,섹스테라피: 마성의 본능
20159686,145420.jpg,5.75,145420,색끈한 퓨전사극 심청야사
20159685,50680.jpg,9.00,50680,1991년 1학년
20159683,155646.jpg,0.00,155646,리뎀션 송
20159664,143230.jpg,6.80,143230,전원일기: 젖소농장새댁
20159663,137058.jpg,5.70,137058,88 : 살인자의 기억법
20159662,144963.jpg,4.95,144963,도터 오브 갓
20159657,145376.jpg,8.41,145376,최강전사 미니특공대: 영웅의 탄생
20159656,134740.jpg,7.78,134740,유신의 미학
20159655,135806.jpg,9.00,135806,사이코패스
20159654,105902.jpg,6.00,105902,어라우즈드: 그들의 호기심
20159653,109558.jpg,2.15,109558,친구의 아내를 탐하다 2
20159651,119413.jpg,6.57,119413,미스 메도우
20159650,133279.jpg,6.19,133279,사랑에도 저작권이 있나요?
20159649,133106.jpg,10.00,133106,음탕한 수영강사
20159648,133129.jpg,7.31,133129,"고산자, 대동여지도"
20159647,161474.jpg,0.00,161474,리얼
20159646,137952.jpg,8.41,137952,밀정
20159645,130720.jpg,8.29,130720,특별수사: 사형수의 편지
20159644,134895.jpg,7.72,134895,봉이 김선달
20159643,121061.jpg,7.96,121061,글로리데이
20159642,155331.jpg,10.00,155331,고해성사
20159641,136687.jpg,7.88,136687,위대한 소원
20159628,145412.jpg,0.00,145412,음란한 앵글 무삭제판
20159627,143358.jpg,7.74,143358,사돈의 팔촌
20159626,91102.jpg,9.00,91102,빚
20159624,124237.jpg,7.29,124237,미스 줄리
20159623,134953.jpg,4.86,134953,에벌리
20159622,138207.jpg,8.45,138207,누레예프 갈라
20159621,128491.jpg,0.00,128491,호스 머니
20159604,108070.jpg,2.89,108070,지구 최후의 날 2015
20159603,29708.jpg,10.00,29708,불멸의 이야기
20159602,29707.jpg,8.33,29707,심야의 종소리
20159583,145400.jpg,0.00,145400,친구 남편: 부부교환의 날
20159582,129683.jpg,7.60,129683,엘리펀트 송
20159581,133174.jpg,10.00,133174,요시자와 아키호의 고양이 가족
20159580,109697.jpg,0.00,109697,디보스 인비테이션
20159579,160461.jpg,0.00,160461,더 스모크
20159578,136308.jpg,9.00,136308,레고 DC 코믹스 슈퍼 히어로: 저스티스 리그 vs 비자로 리그
20159577,113171.jpg,8.29,113171,올 이즈 바이 마이 사이드
20159576,113343.jpg,7.24,113343,리브
20159575,132975.jpg,0.00,132975,립스틱 짙게 바르고
20159574,110353.jpg,0.00,110353,200 카타스
20159573,129405.jpg,5.14,129405,령 : 저주받은 사진
20159570,93041.jpg,0.00,93041,먼데이 모닝
20159569,46179.jpg,3.33,46179,멕라이언의 프로포즈
20159568,153790.jpg,5.71,153790,백경
20159566,85820.jpg,0.00,85820,블랙 앤 화이트 앤 섹스
20159565,136006.jpg,5.50,136006,블러디 마리아
20159564,156411.jpg,0.00,156411,살로메
20159563,62328.jpg,7.97,62328,설국
20159562,133262.jpg,0.00,133262,극장판 가면라이더 포제 - 다함께 우주 떴다!
20159561,101042.jpg,10.00,101042,극장판 가면라이더 위저드 & 포제 - 얼티메이텀:악마의 부활
20159560,116440.jpg,4.14,116440,쇼핑투어
20159559,136036.jpg,0.00,136036,쉐도우 가드
20159557,12679.jpg,7.50,12679,신시내티 키드
20159556,132955.jpg,1.00,132955,신폭력지대
20159555,102826.jpg,7.00,102826,아이덴티컬
20159554,158858.jpg,0.00,158858,애니
20159553,45071.jpg,8.11,45071,노동자의 죽음
20159552,154613.jpg,10.00,154613,어머니
20159550,122204.jpg,9.00,122204,워터컬러 포스트카드
20159549,13522.jpg,7.88,13522,카타리나 블룸의 잃어버린 명예
20159548,51825.jpg,5.62,51825,젊은 베르테르의 슬픔
20159547,76082.jpg,4.60,76082,철가면
20159546,129987.jpg,6.67,129987,탑 파이브
20159545,10708.jpg,7.95,10708,파리대왕
20159544,100656.jpg,6.33,100656,포비든 걸
20159543,109989.jpg,6.00,109989,해빙 유
20159542,119479.jpg,10.00,119479,히든 문
20159541,137414.jpg,0.00,137414,관능시대
20159540,145408.jpg,4.73,145408,다크 바이 눈
20159539,133259.jpg,10.00,133259,도라에몽 - 진구의 결혼전야
20159538,139985.jpg,0.00,139985,데몬 헌터
20159537,100103.jpg,4.72,100103,데드 쉐도우즈
20159536,147301.jpg,5.43,147301,나는 쓰레기다
20159535,161565.jpg,0.00,161565,더 송
20159533,118382.jpg,8.81,118382,마놀로와 마법의 책
20159531,158536.jpg,9.95,158536,길
20159530,58704.jpg,7.80,58704,당신의 성인을 알아보는 법
20159528,158642.jpg,9.08,158642,홀로
20159527,91465.jpg,9.25,91465,내사랑 잔
20159526,113350.jpg,7.08,113350,난 지구 반대편 나라로 가버릴테야
20159525,132955.jpg,1.00,132955,극도충신
20159524,127079.jpg,9.00,127079,우리친구 피들스틱스
20159522,161145.jpg,0.00,161145,겜블러
20159521,125422.jpg,8.12,125422,라이드 : 나에게로의 여행
20159511,145387.jpg,0.00,145387,하숙집: 음란한 사생활
20159510,124238.jpg,8.40,124238,헤이트풀8
20159509,119625.jpg,8.60,119625,캠퍼스 오바마 전쟁
20159507,152499.jpg,0.00,152499,세컨 찬스
20159506,131497.jpg,5.50,131497,적도
20159505,112055.jpg,8.75,112055,가면라이더 위자드 인 매직랜드
20159504,133258.jpg,0.00,133258,극장판 THE 도라에몽즈 - 이상한 과자 왕국
20159503,133256.jpg,0.00,133256,"극장판 THE 도라에몽즈 - 위기일발, 스페이스랜드!"
20159502,133257.jpg,0.00,133257,극장판 THE 도라에몽즈 - 아슬아슬 기관차 대폭주!
20159501,138209.jpg,3.92,138209,은하
20159482,158889.jpg,0.00,158889,머드
20159481,32699.jpg,4.14,32699,결혼기념일
20159462,145397.jpg,0.00,145397,그룹섹스: 젊은 여사장과 남자직원들
20159461,106364.jpg,6.00,106364,배틀독
20159448,159767.jpg,0.00,159767,위드
20159446,152129.jpg,0.00,152129,약혼
20159445,102806.jpg,7.40,102806,세기의 매치
20159444,133108.jpg,0.00,133108,젊은유부녀피아노교사
20159443,125015.jpg,5.40,125015,레이트 페이시스: 늑대의 저주
20159442,102934.jpg,8.18,102934,차일드 44
20159441,126038.jpg,9.67,126038,"항로-제주,조선,오사카"
20159437,145178.jpg,0.00,145178,"잭, 악의 꽃"
20159436,145179.jpg,0.00,145179,이탈리안 갱스터
20159435,145180.jpg,0.00,145180,풀밭 위의 양
20159434,143555.jpg,10.00,143555,프랑코 스칼다티의 연극과 삶
20159431,90221.jpg,0.00,90221,로마의 20가지 이야기
20159430,145181.jpg,0.00,145181,우리는 대령을 원한다
20159429,14076.jpg,6.00,14076,늑대 여인
20159428,143543.jpg,8.34,143543,당신을 기다리는 시간
20162006,104607.jpg,3.25,104607,페인킬러 엑스
20162005,148695.jpg,6.50,148695,맛있는 만남
20162004,147302.jpg,4.19,147302,야한밤 심야극장
20162003,48233.jpg,9.21,48233,극장판 명탐정 코난: 전율의 악보
20162002,149049.jpg,9.00,149049,명탐정 코난: 순흑의 악몽
20162001,125436.jpg,5.16,125436,포레스트: 죽음의 숲
20161983,115669.jpg,9.50,115669,어 비트 오브 배드 럭
20161981,125319.jpg,9.44,125319,엿보기 구멍
20161980,147311.jpg,4.18,147311,좀비 : 새벽의 저주
20161979,147333.jpg,8.06,147333,썰만화
20161978,122996.jpg,4.95,122996,분신사바 3
20161977,140712.jpg,8.49,140712,마이크롭 앤 가솔린
20161976,147365.jpg,6.92,147365,22분: 아덴만 구출작전
20161968,129331.jpg,7.44,129331,오 마이 그랜파
20161967,147322.jpg,0.00,147322,호스티스:접대부의 생활
20161965,147332.jpg,0.00,147332,노리개가 된 여대생
20161964,136876.jpg,9.02,136876,독수리 에디
20161963,147335.jpg,0.00,147335,음탕한 아내의 일기
20161962,147336.jpg,0.00,147336,섹시 방문판매원
20161961,138255.jpg,7.21,138255,나는 증인이다
20161943,153921.jpg,0.00,153921,리틀 챔피언
20161942,145152.jpg,6.50,145152,클라리티
20161923,154214.jpg,7.92,154214,시간위의 집
20161922,144799.jpg,6.46,144799,레트리뷰션 : 응징의 날
20161921,125457.jpg,7.13,125457,"헤일, 시저!"
20161911,143824.jpg,2.25,143824,여자전쟁: 이사 온 남자
20161910,155971.jpg,0.00,155971,광인
20161909,132454.jpg,4.58,132454,버크셔 전기톱 살인사건
20161907,144968.jpg,8.39,144968,제이슨 본
20161906,146551.jpg,7.71,146551,사슴꽃
20161905,137987.jpg,7.43,137987,나의 그리스식 웨딩 2
20161884,139525.jpg,5.00,139525,찬란함의 무덤
20161883,96088.jpg,0.00,96088,악녀의 시
20161881,155484.jpg,8.74,155484,부활
20161872,150198.jpg,8.81,150198,너의 이름은.
20161870,130983.jpg,8.82,130983,트럼보
20161869,147357.jpg,0.00,147357,신 금병매 2
20161867,104053.jpg,6.14,104053,오두막 살인사건
20161866,102883.jpg,6.17,102883,그녀의 섹시라이프
20159427,26678.jpg,8.33,26678,사랑을 위하여
20159426,143536.jpg,6.00,143536,나의 혈육
20159425,139217.jpg,9.80,139217,악플심리학
20159424,97753.jpg,7.33,97753,키스 오브 뱀파이어
20159423,149565.jpg,6.46,149565,사랑과 전쟁
20159422,133131.jpg,4.65,133131,권법형사 : 차이나타운
20159421,114596.jpg,7.58,114596,러브 이즈 크라임
20159401,117771.jpg,4.78,117771,아메리칸 하이스트
20159382,84220.jpg,5.19,84220,양귀비 : 왕조의 여인
20159381,133289.jpg,6.86,133289,수라의 길
20159365,137261.jpg,4.65,137261,헤일로: 나이트폴
20159364,122527.jpg,8.68,122527,캡틴 아메리카: 시빌 워
20159363,130756.jpg,6.63,130756,사랑후애
20159362,133170.jpg,0.00,133170,백의의 음란천사
20159361,137413.jpg,0.00,137413,도깨비 섹스
20159357,73771.jpg,1.67,73771,잃어버린 세계를 찾아 2015
20159356,145413.jpg,0.00,145413,하오의 음몽 무삭제판
20159355,143781.jpg,9.71,143781,솔로탈출귀
20159354,162151.jpg,10.00,162151,씨앗
20159353,139143.jpg,0.00,139143,감각의 경로
20159352,139140.jpg,10.00,139140,Plastic LoVe
20159351,138845.jpg,0.00,138845,사라지는 세계
20159350,138849.jpg,0.00,138849,지구의 경고
20159349,138847.jpg,0.00,138847,엄마의 고향
20159348,138848.jpg,0.00,138848,우리가 풍력발전기를 만들자
20159347,125417.jpg,9.06,125417,파도
20159346,138850.jpg,0.00,138850,태풍 이후
20159345,139139.jpg,0.00,139139,다시 파오얀으로
20159344,138846.jpg,0.00,138846,그 시작은 이러했다
20159343,139128.jpg,0.00,139128,파괴의 역사
20159342,139133.jpg,0.00,139133,어둠을 잃어버린 반딧불이
20159341,139132.jpg,0.00,139132,커피 농장의 카우보이
20159336,145405.jpg,0.00,145405,비디오 속 나의 비밀정사
20159334,143306.jpg,0.00,143306,스튜어디스의 이중생활
20159333,135725.jpg,0.00,135725,늑대소년
20159332,139130.jpg,0.00,139130,21세기의 자연
20159331,139129.jpg,0.00,139129,마지막 한 방울
20159330,162933.jpg,9.00,162933,역습
20159329,149302.jpg,0.00,149302,이카로스
20159328,157815.jpg,0.00,157815,메타모포시스
20159326,133996.jpg,0.00,133996,가스톤의 부엌
20159325,139136.jpg,0.00,139136,껌의 어두운 진실
20159324,140971.jpg,0.00,140971,가이드
20159323,137810.jpg,7.07,137810,도살자
20159322,138844.jpg,0.00,138844,라디오 아타카마
20159321,139123.jpg,0.00,139123,물개가 사는 섬
20159311,123268.jpg,8.60,123268,런던시계탑 밑에서 사랑을 찾을 확률
20159310,135715.jpg,0.00,135715,"얼룩, 파편, 타이어"
20159308,131282.jpg,0.00,131282,벤디토 머신 V - 풀 더 트리거
20159307,139126.jpg,0.00,139126,범전
20159303,139125.jpg,0.00,139125,내가 사는 나라
20159301,133132.jpg,8.17,133132,젊은엄마 : 내 나이가 어때서
20159295,24317.jpg,3.50,24317,마견
20159294,12587.jpg,8.77,12587,지옥의 영웅들
20159293,145183.jpg,0.00,145183,메릴의 약탈자들
20159292,51954.jpg,5.00,51954,미국의 암흑가
20159291,51953.jpg,0.00,51953,화살의 질주
20159290,51952.jpg,0.00,51952,40정의 총
20159289,51951.jpg,0.00,51951,대나무집
20159288,51950.jpg,0.00,51950,파크 로우
20159286,149481.jpg,8.76,149481,연애담
20159284,139156.jpg,0.00,139156,블루버드 맨
20159283,139150.jpg,0.00,139150,거북이의 사정
20159282,144283.jpg,0.00,144283,물고기와 나
20159281,139152.jpg,0.00,139152,누에의 일생
20159280,139151.jpg,0.00,139151,고래죽이기
20159279,139154.jpg,0.00,139154,시치고로사와의 여우
20159278,139157.jpg,0.00,139157,코끼리를 위한 연주
20159277,129971.jpg,10.00,129971,부갈루와 그라함
20159276,139158.jpg,0.00,139158,꿀벌효과
20159275,139153.jpg,0.00,139153,주머니쥐 이야기
20159274,139149.jpg,0.00,139149,우리가 본 땅과 바다
20159270,139146.jpg,0.00,139146,지구이탈속도
20159269,131172.jpg,0.00,131172,벙어리 장갑
20159268,150547.jpg,0.00,150547,메테리얼 걸
20159267,139147.jpg,0.00,139147,떡갈나무 이야기
20159266,134366.jpg,0.00,134366,작은 새와 다람쥐
20159265,139145.jpg,0.00,139145,부베이 부
20159263,139148.jpg,0.00,139148,야외극장
20159262,139170.jpg,0.00,139170,모던 네이처
20159261,139173.jpg,0.00,139173,201410KU
20159260,139169.jpg,0.00,139169,씨앗 지킴이
20159259,139172.jpg,0.00,139172,콘크리트 위에서 시작한 우리의 농사
20159256,139168.jpg,0.00,139168,아나이스가 사는 법
20159255,139171.jpg,9.00,139171,아일랜드 그린
20159254,139167.jpg,0.00,139167,싱햄튼 프로젝트
20161865,140607.jpg,6.00,140607,택시: 나이트페어
20161361,143483.jpg,5.20,143483,좀비아포칼립스:파이널
20161344,158784.jpg,0.00,158784,야쿠자의 여자
20161343,147394.jpg,4.00,147394,스캐빈저
20161341,136893.jpg,8.21,136893,로그인
20161331,140812.jpg,10.00,140812,세희
20161330,155011.jpg,0.00,155011,여름의 끝
20161329,155003.jpg,0.00,155003,소녀와 곤돌라
20161327,46106.jpg,7.00,46106,이사 소동
20161326,131774.jpg,0.00,131774,동쪽
20161325,147398.jpg,8.00,147398,망각에 저항하기
20161323,128586.jpg,10.00,128586,밤과 낮
20161321,145280.jpg,7.00,145280,"나, 너, 그, 그녀"
20161310,155006.jpg,0.00,155006,할미쓰
20161309,155004.jpg,0.00,155004,"요한나, 얼음 아래에서"
20161307,142882.jpg,7.33,142882,노 홈 무비
20161306,137974.jpg,9.46,137974,워 룸
20161305,11150.jpg,7.80,11150,특급 비밀
20161304,68099.jpg,8.17,68099,가방을 든 여인
20161302,145281.jpg,0.00,145281,게으름뱅이 병사
20161301,127424.jpg,3.30,127424,에이지 오브 투모로우
20161287,154540.jpg,7.67,154540,오버 더 펜스
20161286,127378.jpg,8.22,127378,아이스 에이지: 지구 대충돌
20161285,144105.jpg,0.00,144105,러브호텔-애욕의 플레이
20161281,99741.jpg,6.27,99741,Erased
20161280,141927.jpg,0.00,141927,이사가는 날
20161278,154606.jpg,0.00,154606,낙원
20161276,120965.jpg,0.00,120965,Outer
20161274,151966.jpg,6.00,151966,자기소개서
20161272,50929.jpg,6.00,50929,낙
20161270,156350.jpg,8.00,156350,헤르츠
20161269,144064.jpg,8.27,144064,타이레놀
20161268,152439.jpg,0.00,152439,지하의 남자
20161267,152516.jpg,10.00,152516,아스팔트
20161265,155863.jpg,0.00,155863,배팅케이지
20161263,141898.jpg,4.45,141898,헌팅 더 팬텀
20161257,151970.jpg,10.00,151970,면회가는 날
20161256,149483.jpg,7.00,149483,가슴의 문을 두드려도
20161255,156347.jpg,9.55,156347,수난이대
20161254,151997.jpg,9.00,151997,팡뜨
20161244,153457.jpg,10.00,153457,종이학
20161243,154563.jpg,9.00,154563,하얀 침묵
20161242,151990.jpg,9.00,151990,무저갱
20161241,129079.jpg,5.85,129079,바티칸 사제들
20161202,154350.jpg,9.71,154350,봉순이: 사랑하면 죽는 여자
20161201,153653.jpg,8.47,153653,키즈모노가타리 II : 열혈편
20161186,154071.jpg,0.00,154071,새장 속의 새
20161184,144982.jpg,0.00,144982,메이커스
20161183,154940.jpg,0.00,154940,임브레이스
20161182,153643.jpg,0.00,153643,그 인권은 가짜다
20161172,155008.jpg,0.00,155008,사회학자와 곰돌이
20161171,142880.jpg,0.00,142880,슈발리에
20161169,155001.jpg,0.00,155001,난소 싸이코단
20161166,151288.jpg,4.04,151288,인트루더: 낯선 침입자
20161165,134842.jpg,8.43,134842,무한대를 본 남자
20161164,151105.jpg,0.00,151105,섹스와 파칭코
20161163,155182.jpg,0.00,155182,파칭코 엔젤: 복수의 정사
20161162,152617.jpg,6.16,152617,블레어 위치
20161161,155181.jpg,0.00,155181,파칭코 엔젤: 은밀한 밀회
20161144,151103.jpg,0.00,151103,슬롯머신: 하나씩 벗기기
20161143,151104.jpg,0.00,151104,"쇼와, 한 낮의 은밀한 외출"
20161142,154971.jpg,0.00,154971,게임과 정사
20161141,144081.jpg,7.56,144081,50가지 그림자: 심연
20161124,144475.jpg,0.00,144475,성평등을 코딩하라!
20161123,154941.jpg,0.00,154941,그녀가 꿀잼을 만든다
20161121,154939.jpg,0.00,154939,닫힌 문 뒤에는
20161108,154835.jpg,0.00,154835,아버지의 방
20161106,155002.jpg,10.00,155002,폴리티컬 애니멀
20161105,142316.jpg,0.00,142316,분노의 여신들
20161104,153451.jpg,10.00,153451,비포 앤 애프터
20161102,155010.jpg,0.00,155010,초보운전
20161101,155005.jpg,0.00,155005,테레즈의 삶
20161085,24545.jpg,0.00,24545,사랑의 별장
20161084,116233.jpg,7.92,116233,패신저스
20161082,23073.jpg,5.40,23073,진시황제와 만리장성
20161081,152341.jpg,8.34,152341,애나벨 : 인형의 주인
20161064,155516.jpg,10.00,155516,AV스타: 과거를 지워주세요
20161063,154332.jpg,10.00,154332,사쿠라이 아유의 유혹
20161062,154321.jpg,0.00,154321,여대생들의 남자사냥
20161061,154331.jpg,0.00,154331,"가해자의 딸, 나츠메 유키"
20161041,151116.jpg,9.00,151116,치히로의 섹스 게임
20161001,159291.jpg,0.00,159291,소나
20160984,154126.jpg,0.00,154126,여경비원의 야한순찰
20160983,153796.jpg,0.00,153796,실제 절정 - 하녀 메이드
20160982,154128.jpg,0.00,154128,음란마귀-자매유혹
20160954,151474.jpg,0.00,151474,춤추는 요정
20160953,139266.jpg,5.33,139266,옹박 2016
20160943,152178.jpg,0.00,152178,마야의 신음작렬
20160942,151106.jpg,9.29,151106,슈퍼소닉
20160941,154123.jpg,4.42,154123,착한 형수
20160907,158966.jpg,2.00,158966,달링
20160906,153493.jpg,10.00,153493,우리는 스케이터다
20160904,153421.jpg,0.00,153421,뫼비우스의 띠
20160902,160944.jpg,9.56,160944,다시
20160881,144578.jpg,8.64,144578,문영
20160875,159577.jpg,5.52,159577,어린 형수
20160874,153422.jpg,0.00,153422,혼자 있지 마세요
20160872,152385.jpg,9.32,152385,꾼
20160871,151114.jpg,7.00,151114,야한이야기
20160870,161834.jpg,0.00,161834,해피데이
20160866,155535.jpg,6.35,155535,아이엠 어 모델
20160865,155409.jpg,4.53,155409,영춘백학권
20160863,140768.jpg,7.25,140768,에스 파트너
20160862,143456.jpg,8.93,143456,선생님의 일기
20160861,129427.jpg,5.91,129427,송지효의 심천연가
20160841,140719.jpg,7.97,140719,북 오브 러브
20160821,134874.jpg,7.49,134874,레이디 수잔
20160810,140661.jpg,0.00,140661,브로맨스 인 파리
20160809,149074.jpg,0.00,149074,웨스트 코스트
20160808,148285.jpg,0.00,148285,그 길에서
20160807,141789.jpg,6.94,141789,천공의 벌
20160805,144743.jpg,3.75,144743,모즈
20160804,155342.jpg,0.00,155342,빌라즈 학교에 가다
20160803,134907.jpg,0.00,134907,테이크 미 투 더 리버
20160802,146338.jpg,0.00,146338,질 앤 조이: 한밤의 수상한 방문객
20160801,146155.jpg,0.00,146155,시브의 잠 못 드는 밤
20160799,156090.jpg,7.80,156090,네 이웃의 아내를 탐하지 마라
20160796,159431.jpg,0.00,159431,괴테
20160794,149721.jpg,7.00,149721,1942: 최정예특수부대 스페츠나츠
20160790,130931.jpg,6.90,130931,돈키호테 맨 오브 라만차
20160784,147618.jpg,0.00,147618,룰이 필요해
20160783,155344.jpg,0.00,155344,"소녀와 엄마, 그리고 악마"
20160782,147672.jpg,0.00,147672,알레나
20160781,133492.jpg,8.25,133492,쿠보와 전설의 악기
20160764,154321.jpg,0.00,154321,여상사의 남자직원 사냥
20160763,154314.jpg,0.00,154314,젊은 유부녀들: 1대3 섹스
20161864,138291.jpg,5.86,138291,나를 사랑한다면 영화를 보여줘
20161843,140647.jpg,7.24,140647,위자: 저주의 시작
20161842,146488.jpg,8.93,146488,태양 아래
20161841,92359.jpg,8.32,92359,나의 빅사이즈 남사친
20161827,117787.jpg,9.06,117787,로건
20161826,137810.jpg,7.07,137810,미결처리반 Q: 도살자들
20161823,130782.jpg,3.50,130782,블러드 리벤지
20161821,114263.jpg,7.13,114263,뷰티풀 프래니
20161806,155310.jpg,7.28,155310,비치온더비치
20161805,151788.jpg,9.08,151788,아프리칸 닥터
20161796,146944.jpg,8.93,146944,극장판 파워레인저: 닌자포스 VS 트레인포스 닌자 인 원더랜드
20161795,153649.jpg,0.00,153649,피스 오브 케이크
20161794,134839.jpg,6.90,134839,아오하라이드
20161793,142030.jpg,5.06,142030,모두가 초능력자
20161792,126059.jpg,5.75,126059,워킹 위드 더 데드
20161791,141183.jpg,6.59,141183,히로인 실격
20161790,127458.jpg,8.44,127458,바쿠만
20161789,147352.jpg,8.23,147352,고양이는 불러도 오지 않는다
20161788,144840.jpg,8.41,144840,하나와 미소시루
20161787,131172.jpg,0.00,131172,벙어리장갑
20161786,143437.jpg,7.66,143437,비트윈 어스
20161784,125417.jpg,9.06,125417,파도
20161783,137947.jpg,5.65,137947,아빠가 돌아왔다
20161782,16986.jpg,8.20,16986,핀치 콘티니의 정원
20161781,112082.jpg,8.61,112082,엽문3: 최후의 대결
20161763,150376.jpg,9.25,150376,"나, 다니엘 블레이크"
20161761,147334.jpg,5.70,147334,관음증
20161747,155190.jpg,7.50,155190,햄릿 고스트
20161746,155545.jpg,0.00,155545,메피스토펠레
20161745,125444.jpg,5.64,125444,제 5침공
20161744,101904.jpg,8.73,101904,트롤
20161743,143199.jpg,4.52,143199,네 무덤에 침을 뱉어라 3
20161742,137848.jpg,0.00,137848,친구사이
20161741,136971.jpg,8.00,136971,가만히 있으라
20161727,155040.jpg,0.00,155040,프로일렌의 겨울동화
20161726,144280.jpg,8.79,144280,임금님의 사건수첩
20161725,158233.jpg,10.00,158233,마스터
20161724,141158.jpg,9.62,141158,스타박'스 다방
20161723,146459.jpg,8.12,146459,싱글라이더
20161722,129096.jpg,8.45,129096,히야
20161721,139528.jpg,8.26,139528,크로닉
20161714,96785.jpg,0.00,96785,블루비어드의 여덞 번째 아내
20161713,140164.jpg,6.00,140164,메리 위도우
20161711,43320.jpg,0.00,43320,미소 짓는 중위
20161710,159414.jpg,0.00,159414,몬테 카를로
20161709,43329.jpg,0.00,43329,러브 퍼레이드
20161708,112418.jpg,0.00,112418,영원한 사랑
20161707,146515.jpg,0.00,146515,여기는 파리
20161706,146514.jpg,0.00,146514,원더미어 부인의 부채
20161704,146513.jpg,0.00,146513,클루니 브라운
20161703,147367.jpg,7.38,147367,카르멘
20161702,147351.jpg,3.08,147351,죽음의 트럭
20161701,147936.jpg,9.29,147936,위켄즈
20161694,154814.jpg,8.62,154814,"제자도 - 제자,옥한흠2"
20161692,143204.jpg,0.00,143204,마술피리
20161691,147356.jpg,3.80,147356,필드오브데드
20161684,147349.jpg,0.00,147349,유부녀들:쾌락 스와핑
20161683,147350.jpg,0.00,147350,직장 여선배의 탐욕정사
20161682,105960.jpg,6.67,105960,터널: 다크니스 디센딩
20161681,142317.jpg,9.60,142317,소중한 여인
20161665,118966.jpg,9.45,118966,스머프: 비밀의 숲
20161664,155178.jpg,0.00,155178,메리 미
20161663,147362.jpg,4.70,147362,자유연애시대
20161662,145285.jpg,7.03,145285,P.S. 걸
20161661,141307.jpg,3.80,141307,제4구역: 컨테인먼트
20161645,117205.jpg,4.50,117205,콜드 하버
20161644,147390.jpg,0.00,147390,벚꽃독신녀의 정사
20161643,147353.jpg,0.00,147353,치욕과 욕정에 빠지다
20161640,145359.jpg,0.00,145359,리얼 막장 간호사
20161639,145386.jpg,0.00,145386,일본 여대생 기숙사
20161638,147354.jpg,0.00,147354,남편 부하와의 정사
20161637,145436.jpg,0.00,145436,젊은 아줌마는 음란하다
20161635,145348.jpg,0.00,145348,아키하바라 리얼 노예카페
20161634,145296.jpg,0.00,145296,불륜처 - 머리를 올려라
20161633,143227.jpg,0.00,143227,남자와 여자 그리고 여자의 동거
20161632,151832.jpg,0.00,151832,서울의 달
20161631,116357.jpg,8.33,116357,훅 업
20161630,140265.jpg,8.06,140265,13시간
20161629,145317.jpg,0.00,145317,사케와 뜨거운 정사
20161627,145297.jpg,0.00,145297,눈맞은 유부녀
20161626,143228.jpg,0.00,143228,너를 접수해주마 - 밀회
20161625,145346.jpg,0.00,145346,불륜의 와이프-확인실화
20161624,145434.jpg,0.00,145434,유혹당한 아내 - 들이대
20161623,143733.jpg,9.25,143733,바람이 분다
20161622,159287.jpg,0.00,159287,아이들은
20161621,110651.jpg,8.23,110651,블루밍 러브
20161605,137887.jpg,6.11,137887,언더월드: 블러드 워
20161603,154347.jpg,8.97,154347,순종
20160946,153794.jpg,0.00,153794,거유마사지-가슴골
20160945,154131.jpg,0.00,154131,노팬티로 외출하기
20160944,152606.jpg,0.00,152606,물오른 미시 간호사
20160762,154316.jpg,5.67,154316,에조: 인류 최후의 전쟁
20160761,154124.jpg,6.14,154124,돈 맛
20160746,154964.jpg,9.50,154964,파밍 보이즈 : 무일푼 농업세계일주
20160745,154954.jpg,0.00,154954,옥상 위에 버마
20160743,154947.jpg,9.50,154947,시 읽는 시간
20160742,154942.jpg,0.00,154942,선두
20160741,154724.jpg,10.00,154724,미행
20160727,154965.jpg,10.00,154965,퍼레이드
20160725,154067.jpg,6.00,154067,잠들지 못하던 어느밤
20160724,154066.jpg,10.00,154066,아는 사람
20160723,110391.jpg,8.00,110391,사랑만 있으면 되나요?
20160722,155208.jpg,0.00,155208,바흐 인 브라질
20160721,149277.jpg,6.73,149277,늑대 소녀와 흑왕자
20160709,154951.jpg,0.00,154951,엄마의 주먹밥
20160708,143452.jpg,7.61,143452,스위스 아미 맨
20160707,154949.jpg,7.00,154949,시체줍는 소녀
20160706,158536.jpg,9.95,158536,순애
20160705,154898.jpg,8.00,154898,새는 알을 깨고 나온다
20160704,154897.jpg,8.75,154897,사랑하는 사람의 아이를 낳는다
20160703,144213.jpg,9.99,144213,"좋아해, 너를"
20160701,135468.jpg,0.00,135468,우리들의 숨가쁜 여정
20160684,142373.jpg,0.00,142373,내 이름은 에밀리
20160683,146576.jpg,10.00,146576,내가 처음으로 사랑한 소녀
20160682,155209.jpg,0.00,155209,그 여름 바닷가
20160681,154135.jpg,6.49,154135,침대렐라
20160662,115515.jpg,6.00,115515,굿바이 뉴욕
20160644,136826.jpg,8.27,136826,인필트레이터 : 잠입자들
20160642,153219.jpg,6.50,153219,숨
20160641,152576.jpg,0.00,152576,스탠드업 가이
20160626,143414.jpg,0.00,143414,버터플라이
20160625,154894.jpg,0.00,154894,미싱
20160624,151210.jpg,0.00,151210,친구삭제
20160623,107992.jpg,9.27,107992,패밀리
20160622,151213.jpg,0.00,151213,아멘
20160621,151214.jpg,0.00,151214,7:30 to Paris
20160604,154192.jpg,10.00,154192,고민
20160601,151215.jpg,0.00,151215,화성 IV
20160581,146184.jpg,8.00,146184,헛소동
20160563,151216.jpg,0.00,151216,전쟁 게임
20160562,145125.jpg,0.00,145125,아이들을 위해 죽여라
20160541,153953.jpg,7.05,153953,케이샵
20160526,154325.jpg,3.60,154325,히트맨: 앱솔루션
20160525,154886.jpg,6.50,154886,달인
20160524,154880.jpg,0.00,154880,그 애는 여기 있어요
20160523,154987.jpg,1.20,154987,지옥도
20160506,154881.jpg,0.00,154881,나와 함께 있어줘
20160505,152267.jpg,10.00,152267,고백
20160504,146922.jpg,9.80,146922,"춘천, 춘천"
20160503,154984.jpg,9.59,154984,분장
20160502,154315.jpg,4.21,154315,사스콰치: 죽음의 숲
20160501,154983.jpg,9.50,154983,두 번째 겨울
20160484,154982.jpg,8.50,154982,누에치던 방
20160483,154980.jpg,7.21,154980,꿈의 제인
20160477,154981.jpg,6.50,154981,나의 연기 워크샵
20160476,154500.jpg,9.33,154500,유타 가는 길
20160473,142643.jpg,7.00,142643,타나 : 지상 최고의 사랑
20160472,154366.jpg,6.10,154366,두 남자
20160465,149289.jpg,9.07,149289,메리 크리스마스 미스터 모
20160448,144983.jpg,8.33,144983,붉은 거북
20160442,154327.jpg,10.00,154327,삼촌이라는 짧은 단편
20160441,154326.jpg,7.00,154326,야키자키 미애
20160421,154322.jpg,0.00,154322,여직원의 진공흡입
20160402,154317.jpg,6.50,154317,얼라이스: 연합군특수부대
20160401,154312.jpg,5.94,154312,새오빠
20160381,144935.jpg,0.00,144935,은판 위의 여인
20160364,154324.jpg,0.00,154324,아사미 유마의 복상사
20160363,154323.jpg,0.00,154323,불륜: 오피스와이프
20160362,144917.jpg,5.50,144917,이트
20160341,142938.jpg,0.00,142938,뮤즈의 아카데미
20160323,153439.jpg,0.00,153439,공화국의 여교사들
20160321,124804.jpg,10.00,124804,아름다운 청춘
20160302,162075.jpg,0.00,162075,플라워
20160301,138210.jpg,7.07,138210,지도
20160283,113033.jpg,4.14,113033,내 죽음의 이야기
20160282,100156.jpg,0.00,100156,야생의 아이들
20160281,130596.jpg,0.00,130596,카르미나
20160261,154313.jpg,6.98,154313,극장판 프리파라 모두 모여라! 프리즘☆투어즈
20160241,146654.jpg,1.00,146654,집시
20160223,153496.jpg,5.29,153496,불륜의 후예
20160222,130986.jpg,8.75,130986,블리드 포 디스
20160221,154307.jpg,7.99,154307,에곤 쉴레: 욕망이 그린 그림
20160203,134859.jpg,8.30,134859,어카운턴트
20160202,143410.jpg,8.87,143410,국가의 탄생
20160201,148475.jpg,6.00,148475,프리즈너 엑스
20160182,146377.jpg,6.66,146377,미결처리반 Q
20160181,144241.jpg,7.27,144241,코드네임 : 콜드워
20160161,154318.jpg,6.00,154318,젊은 이모들: 여자가 되는 날
20160149,154310.jpg,6.00,154310,친구엄마: 여자로 보일 때
20160148,152075.jpg,6.25,152075,히틀러 좀비 군단 : 벙커 오브 더 데드
20160147,154320.jpg,0.00,154320,하숙집 미망인: 그룹섹스
20160129,153423.jpg,5.91,153423,동창회의 목적: 더 비기닝
20160128,161205.jpg,9.10,161205,눈에는 눈
20160127,150418.jpg,0.00,150418,양의 법칙
20160126,151220.jpg,0.00,151220,정치에 대해서는 말하지 않겠어
20160125,151442.jpg,0.00,151442,비상
20160124,151222.jpg,0.00,151222,모든 죄에는 신이
20160122,162166.jpg,0.00,162166,동물들과 함께
20160121,151228.jpg,0.00,151228,난산 국수
20160111,142907.jpg,0.00,142907,가택연금
20160110,151218.jpg,0.00,151218,맨헌트
20160109,151219.jpg,10.00,151219,앞서는 마음
20160108,151223.jpg,0.00,151223,훌륭한 영화
20160107,151224.jpg,0.00,151224,죽음은 마지막 기회
20160106,151227.jpg,0.00,151227,판테온 디스카운트
20160105,151232.jpg,0.00,151232,풀문클럽
20160104,151233.jpg,0.00,151233,공화증
20160103,151234.jpg,0.00,151234,아이마라
20160102,151235.jpg,0.00,151235,흑백필름
20160101,151238.jpg,0.00,151238,두 손가락
20160097,153790.jpg,5.71,153790,귀담백경
20160089,131359.jpg,0.00,131359,갈대의 노래
20160088,154744.jpg,0.00,154744,50년간의 비밀: 대만 위안부이야기
20160087,91054.jpg,0.00,91054,기억과 함께 산다
20160086,154742.jpg,0.00,154742,가라유키상
20160085,154741.jpg,0.00,154741,동학농민혁명 고추와 라이플 총
20160084,87696.jpg,0.00,87696,게르하르트 리히터의 회화
20160083,154738.jpg,0.00,154738,블랙 마운틴 컬리지
20160082,95179.jpg,0.00,95179,블랙 화이트 + 그레이
20160080,151229.jpg,0.00,151229,잠사를 차지하라
20160079,147901.jpg,0.00,147901,베를린 메타노이아
20160078,159770.jpg,0.00,159770,빌
20160077,151231.jpg,0.00,151231,릴렉사트론 5000
20160076,151236.jpg,10.00,151236,Social ground
20160075,151237.jpg,0.00,151237,"바다, 신 그리고 인간"
20160072,154743.jpg,0.00,154743,오키나와의 할머니
20160068,154329.jpg,5.38,154329,젊은 형부
20160064,149697.jpg,0.00,149697,유튜브 신데렐라
20160063,154725.jpg,0.00,154725,퓨쳐 베이비
20160062,152893.jpg,0.00,152893,하늘색 심포니
20160045,138700.jpg,0.00,138700,남아있는 나날
20160044,142389.jpg,8.00,142389,프로파간다 게임
20160043,150819.jpg,0.00,150819,사람이 하늘이다
20160042,153801.jpg,1.00,153801,분노의 레이서
20160041,153449.jpg,6.72,153449,인천상륙작전 : 익스텐디드 에디션(확장판)
20160021,20422.jpg,8.67,20422,달기
20160008,149557.jpg,7.00,149557,위 맨
20160006,153803.jpg,2.00,153803,새엄마: 아버지의 여자를 탐하다
20160005,156263.jpg,0.00,156263,내게 보이는 것들
20160004,155575.jpg,10.00,155575,문득
20160003,154230.jpg,0.00,154230,THE CLASSIC
20160002,159013.jpg,0.00,159013,Records
20159999,139768.jpg,0.00,139768,가구 매장
20159988,139771.jpg,0.00,139771,에센스
20159987,127378.jpg,8.22,127378,지구대충돌
20159986,109927.jpg,8.54,109927,작은 집
20159985,150726.jpg,5.50,150726,동물농장
20159984,143361.jpg,0.00,143361,참 친절하시네요
20159983,149150.jpg,5.00,149150,듀오
20159982,139766.jpg,0.00,139766,안 생겨요
20159981,139765.jpg,0.00,139765,사랑이란 저주
20159967,105546.jpg,5.60,105546,첫경험만 8번째
20159966,103810.jpg,9.20,103810,내 이름은 아닌아
20159965,143335.jpg,8.96,143335,겁쟁이 페달: 더 무비
20159963,95888.jpg,10.00,95888,일시
20159962,131797.jpg,0.00,131797,유령소녀
20159961,150005.jpg,0.00,150005,위스퍼
20159960,139375.jpg,6.01,139375,슬픈남자
20159959,130410.jpg,7.60,130410,신경쇠약 직전의 뱀파이어
20161975,147385.jpg,4.49,147385,프로젝트-M
20161974,119434.jpg,8.41,119434,일만명의 성자들
20161970,148696.jpg,6.88,148696,카발레리아 루스티카나 & 팔리아치
20161590,146936.jpg,9.14,146936,그렌델
20161589,146508.jpg,8.66,146508,죽여주는 여자
20161588,143339.jpg,7.09,143339,죽은 자의 제국
20161587,98739.jpg,7.00,98739,굿바이 버클리
20161586,117803.jpg,7.52,117803,월터 교수의 마지막 강의
20161405,145304.jpg,0.00,145304,버진 사무라이
20161404,145308.jpg,0.00,145308,치명적 유혹 - 야쿠자의 여자
20161403,145305.jpg,0.00,145305,여인의 숙명 - 야쿠자의 여자
20161402,145309.jpg,0.00,145309,운명의 시작 - 야쿠자의 여자
20161401,147387.jpg,10.00,147387,음란한 가정교사: 쓰리섬
20161252,154957.jpg,10.00,154957,윤리거리규칙
20161251,152512.jpg,0.00,152512,내 왼쪽 젖꼭지
20161250,154552.jpg,10.00,154552,오징어
20161249,151832.jpg,0.00,151832,서울의 달
20161248,89523.jpg,0.00,89523,사우나
20161247,152513.jpg,0.00,152513,할머니와 돼지머리
20161246,151994.jpg,9.00,151994,수렵허가구역
20161245,156348.jpg,0.00,156348,얼라이브
20160981,153528.jpg,0.00,153528,아내를 요부로 만들기
20160964,153795.jpg,0.00,153795,더블 유부녀 스와핑
20160963,153527.jpg,0.00,153527,벗겨보니 미망인
20160962,153779.jpg,0.00,153779,백의의 난교클럽
20160961,152607.jpg,0.00,152607,여배우의 실제정사
20160955,154576.jpg,0.00,154576,팩토리 핸즈
20160789,157810.jpg,0.00,157810,플라스틱
20160788,150668.jpg,0.00,150668,럭키 유 랜치
20160787,145803.jpg,6.42,145803,더티 로맨스
20160786,155363.jpg,0.00,155363,엄마를 위한 하루
20160785,141388.jpg,0.00,141388,우리가 풀지 못한 날들
20160522,154986.jpg,6.60,154986,아기와 나
20160521,155846.jpg,0.00,155846,소음들
20160510,161364.jpg,0.00,161364,엄마의 남자
20160509,128667.jpg,5.47,128667,굿나잇 마미
20160508,154889.jpg,10.00,154889,마음이 닿으면
20160507,154887.jpg,0.00,154887,된장 칼국수
20160146,154319.jpg,10.00,154319,젊은 형수: 참을수 없는 날
20160145,154309.jpg,0.00,154309,새엄마들: 아들을 탐하다
20160144,153800.jpg,5.67,153800,아내의 사정
20160143,134847.jpg,8.27,134847,피터와 드래곤
20159998,139747.jpg,0.00,139747,귀여운 아이
20159997,139767.jpg,0.00,139767,드니즈
20159995,139749.jpg,0.00,139749,아내 살해범
20159992,146186.jpg,8.80,146186,춤
20159991,139745.jpg,0.00,139745,창녀와 야수
20159990,149843.jpg,0.00,149843,내 안에
20159958,139750.jpg,0.00,139750,장거리 운전
20159957,139595.jpg,0.00,139595,지네
20159956,139744.jpg,0.00,139744,룸서비스
20159954,139752.jpg,0.00,139752,즈드랏스부이쪠
20159953,137436.jpg,2.63,137436,옹박 2015
20159951,144114.jpg,7.88,144114,나의 아빠
20159950,137581.jpg,6.17,137581,디아블로 : 어둠의 파수꾼
20159949,139592.jpg,10.00,139592,물 속 사건 이야기
20159948,150547.jpg,0.00,150547,애프터눈 클래스
20159947,107015.jpg,4.60,107015,거리의 보안관
20159946,153728.jpg,0.00,153728,감정
20159945,146338.jpg,0.00,146338,방문객
20159944,139598.jpg,0.00,139598,삼각 우주의 정복자
20159943,148230.jpg,0.00,148230,쓰나미
20159941,139594.jpg,0.00,139594,검은 씨
20159939,150729.jpg,2.83,150729,웹
20159938,139775.jpg,0.00,139775,인다 치트라
20159937,148381.jpg,0.00,148381,굿모닝
20159936,139773.jpg,0.00,139773,여우가 되면 어쩌지?
20159935,139746.jpg,0.00,139746,이상한 놈
20159933,150547.jpg,0.00,150547,컬러스 인 더 서브웨이
20159932,97443.jpg,0.00,97443,막간
20159931,139764.jpg,0.00,139764,지폐의 사랑
20159928,160290.jpg,0.00,160290,박스
20159927,143457.jpg,9.33,143457,죄인
20159926,139589.jpg,0.00,139589,나 어릴 적에
20159925,121818.jpg,0.00,121818,더 라이즈 앤 폴 오브 글로보썸
20159924,143473.jpg,8.20,143473,아빠
20159923,120714.jpg,7.60,120714,이빨
20159921,139584.jpg,0.00,139584,북극 불가사리
20159909,92036.jpg,4.66,92036,다크 타이드
20159908,106000.jpg,8.00,106000,섹스코치
20159906,129979.jpg,7.50,129979,더 듀크 오브 버건디
20159902,121745.jpg,7.04,121745,붓다 : 위대한 여정
20159901,116216.jpg,8.26,116216,네이든
20159890,145368.jpg,0.00,145368,치한전차: 음란한 퇴근길
20159888,152341.jpg,8.34,152341,주인
20159886,153900.jpg,0.00,153900,그들만의 만찬
20159885,150547.jpg,0.00,150547,환
20159884,139578.jpg,0.00,139578,엘만도
20159883,139579.jpg,0.00,139579,퐁고폴리스
20159880,124924.jpg,9.00,124924,2014 여름
20159878,159108.jpg,10.00,159108,몸
20159874,139590.jpg,0.00,139590,제포
20159873,139586.jpg,0.00,139586,다녀오겠습니다
20159872,154682.jpg,0.00,154682,변신
20159865,148614.jpg,3.00,148614,바보
20159864,148996.jpg,9.77,148996,일주일
20159863,139210.jpg,0.00,139210,프로라
20159862,134806.jpg,8.54,134806,세비야
20159860,159770.jpg,0.00,159770,앤빌
20159859,94550.jpg,0.00,94550,유령 들린 집
20159858,104477.jpg,9.71,104477,특별한 친구
20159857,162166.jpg,0.00,162166,If...
20159855,158502.jpg,10.00,158502,순간
20159854,131746.jpg,0.00,131746,불운
20159852,139206.jpg,0.00,139206,포니 전쟁
20159851,135013.jpg,7.11,135013,제물
20159849,139205.jpg,0.00,139205,리틀 달링
20159848,159408.jpg,8.99,159408,극장
20159847,160565.jpg,0.00,160565,보트
20159846,141531.jpg,0.00,141531,세상 소리들
20159844,153652.jpg,9.50,153652,경찰
20159843,139204.jpg,0.00,139204,스위머
20159841,123085.jpg,7.77,123085,픽업 아티스트
20159840,149150.jpg,5.00,149150,듀오
20159839,132876.jpg,9.00,132876,우주없인 못살아
20159838,154808.jpg,0.00,154808,버스 스토리
20159836,139201.jpg,0.00,139201,갈리아
20159835,139576.jpg,0.00,139576,카페 노스텔지어
20159834,112770.jpg,10.00,112770,마르게리타
20159833,152869.jpg,0.00,152869,할아버지
20159832,152184.jpg,7.50,152184,소녀
20159831,139575.jpg,0.00,139575,비트윈 타임즈
20159829,146654.jpg,1.00,146654,집시
20159828,149758.jpg,10.00,149758,나는 나
20159827,130841.jpg,0.00,130841,갈망
20159825,71818.jpg,0.00,71818,대장장이
20159824,98431.jpg,9.67,98431,북극
20159822,139498.jpg,0.00,139498,아베 마리아
20159821,155785.jpg,10.00,155785,점심식사
20159820,126767.jpg,8.00,126767,판매합니다
20159819,139581.jpg,0.00,139581,털복숭이
20159818,139199.jpg,0.00,139199,아이라인
20159817,139198.jpg,0.00,139198,크리스마스 선물
20159815,155492.jpg,0.00,155492,미로
20159813,139197.jpg,0.00,139197,메인 코스
20161804,123188.jpg,3.00,123188,라이즈 오브 좀비
20161803,92137.jpg,0.00,92137,갯마을
20161802,118711.jpg,5.60,118711,강력 범죄
20161801,134578.jpg,7.02,134578,소년 파르티잔
20161799,154029.jpg,8.86,154029,행복 목욕탕
20161798,154354.jpg,6.00,154354,내 루저 같은 친구들
20161690,147341.jpg,0.00,147341,머리 감겨주는 거유미용실
20161688,154163.jpg,8.00,154163,생존자들
20161687,162656.jpg,0.00,162656,플립
20161686,113398.jpg,6.19,113398,킬러 인 하이스쿨
20161685,147346.jpg,0.00,147346,여대생의 새로운 경험
20161602,111642.jpg,9.23,111642,나는 파리다
20161601,128593.jpg,7.12,128593,드론전쟁: 굿킬
20161600,142873.jpg,7.50,142873,어느 미친 사내의 고백
20161599,138501.jpg,7.36,138501,산하고인
20161598,143357.jpg,8.92,143357,산이 울다
20161597,159747.jpg,0.00,159747,미드 와이프
20161596,143212.jpg,0.00,143212,완소녀 쟁취기 2
20161595,148679.jpg,4.29,148679,스파이: 작전명 태풍
20161593,130950.jpg,5.92,130950,밀그램 프로젝트
20161592,145383.jpg,7.25,145383,트레이닝 데이: 비열한 거리
20161591,73637.jpg,6.80,73637,럭키 루크: 전설의 무법자
20161585,146507.jpg,5.42,146507,데몬킹스
20161584,147363.jpg,3.82,147363,야한 누나들
20161583,127400.jpg,6.64,127400,스푹스:MI5
20161582,141456.jpg,5.54,141456,사무라이헌터
20161581,139548.jpg,0.00,139548,주주
20161568,144959.jpg,10.00,144959,마중: 커피숍 난동 수다 사건
20161567,92088.jpg,5.06,92088,더 배런스
20161566,130997.jpg,7.70,130997,퀸카가 아니어도 좋아
20161565,141861.jpg,3.88,141861,사랑과 영혼 2016
20161564,148630.jpg,0.00,148630,치한낭만 무삭제판
20161563,112022.jpg,5.25,112022,우주 전쟁 : 지구대침공
20161562,147364.jpg,5.56,147364,뜨거운 이웃
20161561,147355.jpg,7.70,147355,바다 탐험대 옥토넛 시즌4: 빙하탐험선S
20161544,143992.jpg,7.40,143992,해커
20161543,119448.jpg,5.45,119448,로봇 오버로드
20161542,120106.jpg,8.27,120106,안젤리크
20161541,137116.jpg,7.32,137116,열혈강도: 위장 경찰 사기단
20161527,137971.jpg,8.45,137971,로스트 인 더스트
20161526,145394.jpg,0.00,145394,옆집 새댁: 쿄코는 글래머
20161525,162676.jpg,0.00,162676,마이 맨
20161524,140692.jpg,8.60,140692,무스탕: 랄리의 여름
20161522,116605.jpg,0.00,116605,센소
20161521,147308.jpg,3.61,147308,라면 먹고 갈래?
20161503,129007.jpg,7.04,129007,도성풍운 2
20161502,113356.jpg,7.95,113356,라우더 댄 밤즈
20161501,147369.jpg,0.00,147369,연애사기:알몸으로 말해요
20161482,129479.jpg,1.00,129479,캠투캠: 위험한 게임
20161481,146506.jpg,9.33,146506,군함도
20161468,144221.jpg,7.72,144221,퍼스널 쇼퍼
20161467,155788.jpg,0.00,155788,예술의 목적
20161465,147382.jpg,0.00,147382,간음:위험한 유부녀들
20161464,147383.jpg,0.00,147383,스와핑:비밀클럽
20161463,147381.jpg,2.83,147381,살인게임 79
20161462,147366.jpg,7.81,147366,투란도트
20161461,142640.jpg,8.74,142640,프란치스코
20161442,155381.jpg,10.00,155381,두만강 저 너머
20161441,98712.jpg,8.00,98712,해적: 위대한 영웅
20161424,144937.jpg,4.05,144937,블랙의 50가지 그림자
20161423,147386.jpg,8.81,147386,독재자를 죽여라
20161422,145294.jpg,5.50,145294,분노의 레이싱 질주
20161421,137872.jpg,2.56,137872,미국 대지진 : 샌 안드레스
20161412,155501.jpg,9.25,155501,리골레토
20161408,145303.jpg,0.00,145303,히비키의 도신
20161407,112026.jpg,6.84,112026,리턴 투 센더
20161406,145306.jpg,0.00,145306,여자의 무기 - 야쿠자의 여자
20161384,155524.jpg,0.00,155524,아주버님의 친절한 손놀림
20161383,137349.jpg,7.71,137349,이니시에이션 러브
20161382,73462.jpg,8.49,73462,레터스 투 갓
20161381,142530.jpg,7.22,142530,인 더 섀도우 오브 우먼
20161367,155525.jpg,0.00,155525,트럭걸 사야
20161366,151192.jpg,8.54,151192,"그래, 가족"
20161365,145288.jpg,6.50,145288,채리불: 천하제일권
20161364,135843.jpg,9.17,135843,귀향
20161363,122112.jpg,3.35,122112,스페셜포스: 특수부대 전랑
20161362,100150.jpg,8.00,100150,시즈닝 하우스
20160952,154104.jpg,0.00,154104,성노예 여의사
20160951,154105.jpg,0.00,154105,색정광-발정커플
20160950,155124.jpg,0.00,155124,내안의 음란한 성욕
20160949,153522.jpg,0.00,153522,야외노출정사
20160948,154106.jpg,0.00,154106,육체잠입-섹스파일
20160947,153791.jpg,0.00,153791,육체의 낙원-몸정
20159812,161205.jpg,9.10,161205,눈
20159811,139196.jpg,8.00,139196,당신을 사랑하는 누군가
20159810,38868.jpg,6.00,38868,일렉트릭 하우스
20159809,111199.jpg,1.00,111199,백일몽
20159806,128298.jpg,9.81,128298,호텔룸
20159804,151884.jpg,0.00,151884,신은 죽었다
20159803,107962.jpg,9.85,107962,바람
20159786,145372.jpg,0.00,145372,노리개가 된 아내
20159774,133098.jpg,0.00,133098,아내의 비밀욕정 1 : 애욕
20159772,143362.jpg,7.17,143362,수색역
20159755,139573.jpg,9.96,139573,담장 너머
20159753,139572.jpg,0.00,139572,생선가게 막내
20159750,131160.jpg,0.00,131160,말썽꾸러기 세 친구
20159749,141934.jpg,0.00,141934,제이미는 날씨 박사
20159748,101960.jpg,7.16,101960,투모로우랜드
20159747,139194.jpg,0.00,139194,에밀의 마지막 여행
20159746,139193.jpg,0.00,139193,그리스도는 기지에 머물렀다
20159745,139192.jpg,0.00,139192,어느 아침
20159743,139190.jpg,0.00,139190,이파네마의 카이피리냐
20159742,154732.jpg,10.00,154732,알바트로스
20159740,145373.jpg,0.00,145373,무녀의 탐스러운 육체
20159738,123382.jpg,8.00,123382,호산나
20159737,139187.jpg,0.00,139187,하쿠나 마타타
20159736,139186.jpg,0.00,139186,묘비명
20159735,120280.jpg,0.00,120280,디놀라
20159734,139185.jpg,0.00,139185,말과 나이팅게일
20159733,139184.jpg,0.00,139184,엄마의 생신
20159732,136869.jpg,8.14,136869,인생
20159731,139182.jpg,9.00,139182,자코보
20159730,139181.jpg,0.00,139181,"마임 예술가, 가빈"
20159729,147886.jpg,8.55,147886,동화나라
20159728,113064.jpg,0.00,113064,지네크
20159727,162315.jpg,0.00,162315,코다
20159726,139178.jpg,0.00,139178,파란 교복
20159725,162902.jpg,0.00,162902,스피드 데이트
20159724,104131.jpg,0.00,104131,마틸드
20159723,144197.jpg,7.70,144197,호날두
20159722,139175.jpg,8.00,139175,올라서다
20159721,139174.jpg,0.00,139174,"퀸카, 사라"
20159720,12142.jpg,9.29,12142,셜록 주니어
20159719,30243.jpg,9.00,30243,항해자
20159718,133096.jpg,4.60,133096,아수라: 야쿠자의 길
20158542,132969.jpg,10.00,132969,넥스트 제네레이션 패트레이버 6
20158541,133523.jpg,8.00,133523,넥스트 제네레이션 패트레이버 5
20158532,150581.jpg,3.80,150581,LUV
20158528,144580.jpg,0.00,144580,사요나라
20158527,144579.jpg,10.00,144579,한 끼
20158525,144577.jpg,9.40,144577,병구
20158524,144576.jpg,10.00,144576,연무
20158523,144575.jpg,9.00,144575,겨울꿈
20158522,144574.jpg,7.00,144574,2088 Space Odyssey
20158521,159241.jpg,0.00,159241,파더스
20158519,144668.jpg,9.00,144668,judge me treat me punish me
20158518,137347.jpg,8.52,137347,리틀 포레스트 2: 겨울과 봄
20158512,133227.jpg,0.00,133227,색정여왕게임-너는 견딜수 있을까?
20158511,133244.jpg,0.00,133244,변태인간-시간여행
20158510,133179.jpg,0.00,133179,너에게 가르치는 사랑-욕정
20158509,133165.jpg,0.00,133165,왕게임-48일후 후편
20158508,133225.jpg,0.00,133225,충격! 변태커플
20158507,133243.jpg,10.00,133243,변태투명인간-팬티가 좋아
20158506,133235.jpg,0.00,133235,비키니 라멘걸
20158504,133231.jpg,6.02,133231,맛있는 택배
20158503,146407.jpg,8.20,146407,다크
20158501,144064.jpg,8.27,144064,타이레놀
20158495,144589.jpg,0.00,144589,"내동공간, 남동공단"
20158494,143735.jpg,10.00,143735,동心
20158493,159068.jpg,10.00,159068,그녀를 사랑합니다
20158492,140805.jpg,7.13,140805,진격의 거인: 자유의 날개
20158491,144384.jpg,8.40,144384,밸리투나잇
20158490,143130.jpg,5.25,143130,오늘도
20158489,144591.jpg,0.00,144591,어둠의 저편
20158488,144590.jpg,10.00,144590,진주머리방
20158487,144592.jpg,10.00,144592,얼루어
20158486,127427.jpg,6.34,127427,쇼킹 오브 데스
20158485,143435.jpg,8.63,143435,옥자
20158484,129155.jpg,8.87,129155,아스테릭스: 신들의 전당
20158482,134899.jpg,9.36,134899,동주
20158481,136832.jpg,6.62,136832,퇴마: 무녀굴
20158465,76263.jpg,3.25,76263,셜록홈즈-비밀의 열쇠
20158462,143211.jpg,6.00,143211,펜잔스의 해적
20158461,120788.jpg,9.08,120788,짱구는 못말려 극장판 : 정면승부! 로봇아빠의 역습
20158442,106263.jpg,8.14,106263,음..음?음!
20158441,155888.jpg,0.00,155888,인사이드 아웃
20158438,127745.jpg,0.00,127745,리틀 블랙 스퀘어
20158437,114598.jpg,0.00,114598,여인의 노래
20158436,161670.jpg,0.00,161670,시퀀스
20158435,105138.jpg,0.00,105138,도쿠마니모
20158434,151304.jpg,0.00,151304,아침식사
20158433,127748.jpg,0.00,127748,진노의 날
20158432,162469.jpg,0.00,162469,물고기
20158431,77400.jpg,0.00,77400,주프락시스코프
20158430,156603.jpg,0.00,156603,프로페셔널
20158428,133169.jpg,8.16,133169,빌리와 용감한 녀석들 3
20158427,137217.jpg,0.00,137217,인터뷰 프로젝트-놀림픽
20158426,137216.jpg,8.40,137216,용산 전쟁
20158425,137215.jpg,0.00,137215,이 시대의 사랑
20158424,137214.jpg,0.00,137214,비보이가 되다
20158423,151669.jpg,3.50,151669,24
20158422,137212.jpg,0.00,137212,하드보일드 원더랜드
20158421,137211.jpg,0.00,137211,어머니가방에들어가신다
20158411,29412.jpg,8.08,29412,펑꾸이에서 온 소년
20158381,137207.jpg,10.00,137207,찍으라는 영화는 안 찍고
20158380,137206.jpg,10.00,137206,소나무씨 에게
20158379,137205.jpg,0.00,137205,어떤 둘째
20158378,100280.jpg,4.00,100280,써스펜션
20158377,99198.jpg,9.15,99198,일곱개의 상자
20158376,26027.jpg,5.75,26027,임브레이스 오브 더 뱀파이어
20158375,100121.jpg,4.40,100121,좀비 아일랜드
20158374,106861.jpg,6.20,106861,좀비 피버
20158372,14027.jpg,8.11,14027,찰리 모픽
20158371,112340.jpg,6.50,112340,창녀 사비나
20158370,120187.jpg,7.17,120187,천국으로 가는 이삿짐
20158369,99822.jpg,8.00,99822,켈리와 빅터
20158368,52418.jpg,8.00,52418,커들드
20158367,155501.jpg,9.25,155501,리골레토
20158366,31697.jpg,6.40,31697,파리의 도적
20158365,76023.jpg,4.22,76023,혼(混): 나는 죽지 않았다
20158363,16797.jpg,7.68,16797,흡혈식물 대소동
20158361,111630.jpg,7.00,111630,히든 스나이퍼
20158359,144584.jpg,9.49,144584,할머니의 먼 집
20158358,144585.jpg,0.00,144585,파란 입이 달린 얼굴
20158357,142858.jpg,0.00,142858,카일리 블루스
20158356,135246.jpg,0.00,135246,배니싱 포인트
20158355,124259.jpg,6.84,124259,600 마일
20158354,141569.jpg,0.00,141569,사랑의 노래
20158351,155491.jpg,0.00,155491,히어 애프터
20158348,152617.jpg,6.16,152617,더 위치
20158342,145045.jpg,8.86,145045,럭키볼
20158341,129429.jpg,6.75,129429,"사랑, 육체를 느낄 때"
20158327,102879.jpg,6.14,102879,왕의 이름으로 3
20158326,158412.jpg,0.00,158412,폴 뉴먼의 고독한 관계
20158325,109578.jpg,6.33,109578,너브 - 망각의 덫
20158324,100937.jpg,10.00,100937,노아 디어본의 단순한 삶
20158323,120714.jpg,7.60,120714,이빨
20158322,136871.jpg,7.93,136871,인텔리전스
20158321,128879.jpg,0.00,128879,더 조거
20158320,134144.jpg,0.00,134144,출입 금지
20158319,129121.jpg,3.73,129121,리메이닝
20158318,131322.jpg,5.90,131322,먹고 기도하고 죽여라
20158316,31758.jpg,7.17,31758,버드맨 오브 알카트라즈
20158314,15357.jpg,7.50,15357,비련의 110번가
20158313,121127.jpg,8.33,121127,사이 : 여우비 내리다
20158311,87175.jpg,6.00,87175,색정 암컷 시장
20158310,11981.jpg,10.00,11981,세븐 데이스 인 메이
20158307,146104.jpg,0.00,146104,아담의 증언
20158305,119642.jpg,10.00,119642,아이보리 타워
20158262,101048.jpg,8.33,101048,아메리칸 시티즌
20158261,115142.jpg,9.63,115142,메탈헤드
20158242,144310.jpg,5.86,144310,무서운 이야기 3 : 화성에서 온 소녀
20158241,125421.jpg,7.61,125421,픽셀
20158240,143222.jpg,3.50,143222,한양 기방 춘향뎐
20158230,117605.jpg,0.00,117605,아오루기아의 마지막 큰 사슴
20158229,137223.jpg,0.00,137223,옥문
20158228,137222.jpg,0.00,137222,4891
20158227,137221.jpg,0.00,137221,진실을 밝혀라 2: 국가기구
20158226,137220.jpg,10.00,137220,보이지 않는 수갑
20158225,116473.jpg,0.00,116473,우리에게 허락된 특별한 시간의 끝
20158224,136795.jpg,9.50,136795,산리즈카에 살다: 나리타 이야기
20158223,137225.jpg,0.00,137225,거리에서 온 편지
20158222,137224.jpg,0.00,137224,바다에서 온 편지
20158203,161364.jpg,0.00,161364,친구엄마
20158202,127351.jpg,8.11,127351,K 미싱 킹즈
20158201,94853.jpg,5.49,94853,세레나
20158194,154977.jpg,0.00,154977,이별
20158193,87364.jpg,0.00,87364,각설탕
20158192,143213.jpg,6.03,143213,고스트 헌터: 얼음 몬스터의 부활
20159209,143208.jpg,0.00,143208,하녀-기모노 섹스
20159206,133137.jpg,8.40,133137,파리오페라발레 갈라쇼
20159204,131385.jpg,0.00,131385,불타는 두리안의 강
20159202,139135.jpg,0.00,139135,사라지는 숲의 세대
20159200,145424.jpg,0.00,145424,귀여운 연하남 - 이리와
20159199,136842.jpg,8.43,136842,빅쇼트
20159198,143224.jpg,0.00,143224,나어떡해-형수님
20159197,143298.jpg,0.00,143298,아내의 젖은 신음
20158827,116121.jpg,8.00,116121,겜블러 2015
20158826,138594.jpg,10.00,138594,엘 모비미엔토
20158824,127369.jpg,6.64,127369,프랑스 영화처럼
20158823,117240.jpg,9.87,117240,해리 2
20158822,138593.jpg,8.24,138593,설행_눈길을 걷다
20158701,136698.jpg,5.44,136698,세상끝의 사랑
20158682,145111.jpg,6.79,145111,꾸루꾸루와 친구들: 무지개 나무의 비밀
20158681,110423.jpg,7.12,110423,킬 힘
20158671,144928.jpg,0.00,144928,포파라치
20158670,113230.jpg,7.35,113230,위아영
20158517,159834.jpg,9.14,159834,아가씨
20158516,133166.jpg,0.00,133166,왕게임-48일후 전편
20158515,133189.jpg,0.00,133189,조금 더운 여름밤-불륜
20158514,133245.jpg,0.00,133245,달콤한 애인 계약서 2
20158513,133234.jpg,10.00,133234,사랑밖엔 난몰라
20158404,142325.jpg,9.96,142325,뱀파이어는 우리 옆집에 산다
20158401,137437.jpg,8.95,137437,토스카
20158389,144586.jpg,9.67,144586,피터의 LP투어
20158385,145247.jpg,8.75,145247,착한 처제
20158384,137210.jpg,0.00,137210,트라우마는 인간의 뇌에 어떠한 영향을 미치는가?
20158383,137209.jpg,0.00,137209,감정의 시대: 서비스 노동의 관계미학
20158382,137208.jpg,9.00,137208,아빠가 죽으면 나는 어떡하지?
20158303,134637.jpg,4.55,134637,8 어쌔신
20158302,118799.jpg,6.00,118799,옴니보러스
20158301,84398.jpg,2.57,84398,이블 스네이크: 무언의 침입자
20158283,94117.jpg,7.22,94117,마담 보바리
20158282,133229.jpg,7.00,133229,X파일:8구역의비밀
20158281,149739.jpg,0.00,149739,다잉 오브 라이트
20158185,89972.jpg,10.00,89972,허 네임 이즈 노 네임
20158109,162484.jpg,0.00,162484,블루
20158108,130779.jpg,6.50,130779,애프터데스
20158104,143286.jpg,7.50,143286,"좋은 놈, 나쁜 놈, 죽은 놈"
20158103,155953.jpg,0.00,155953,언내추럴
20158102,133134.jpg,0.00,133134,적들 사이에서 : 디지털 삼인삼색2010
20158019,145044.jpg,7.69,145044,미스터 쿠퍼
20158018,159642.jpg,8.50,159642,댄스 댄스 댄스
20158017,84732.jpg,7.73,84732,집에 가자!
20158013,92061.jpg,6.67,92061,앱솔루틀리 애니씽
20158012,144902.jpg,0.00,144902,송별
20158010,144901.jpg,10.00,144901,칼리지 보이
20157919,123403.jpg,0.00,123403,바비의 드림하우스
20157918,143877.jpg,1.14,143877,마구간
20157917,117930.jpg,9.00,117930,루테라
20157915,71673.jpg,9.33,71673,러브 아즈 칼
20157914,110372.jpg,7.67,110372,란자나
20157913,100397.jpg,7.00,100397,라비린토스 : 미궁
20157821,158536.jpg,9.95,158536,길
20157820,105128.jpg,0.00,105128,점호
20157819,131405.jpg,0.00,131405,취미
20157818,127753.jpg,0.00,127753,숫자세상
20157683,126189.jpg,0.00,126189,파인애플 칼라마리
20157682,145987.jpg,10.00,145987,원숭이
20157681,159683.jpg,10.00,159683,신들의 이야기
20157680,110104.jpg,9.00,110104,"여기, 저기, 어디나"
20157679,124150.jpg,0.00,124150,변종
20157678,127699.jpg,0.00,127699,생명의 소리
20157677,127700.jpg,0.00,127700,야마스키 야마자키
20157676,121399.jpg,0.00,121399,가마쿠라
20157675,109748.jpg,10.00,109748,킥 하트
20157591,138071.jpg,9.30,138071,강아지 삼총사
20157590,105843.jpg,0.00,105843,드래곤 레저렉션
20157589,96013.jpg,4.50,96013,나치의 대침공
20157588,123299.jpg,8.53,123299,청춘의 증언
20157492,120288.jpg,0.00,120288,유령 열차
20157491,160576.jpg,0.00,160576,레퀴엠
20157489,131922.jpg,0.00,131922,성스러운 방어
20157488,131082.jpg,8.00,131082,골동품 수집가
20157386,131906.jpg,0.00,131906,패들
20157384,111837.jpg,0.00,111837,포니 플레이스
20157383,131904.jpg,0.00,131904,어둠 속의 나의 빛
20157382,138582.jpg,10.00,138582,아아아
20157381,129931.jpg,0.00,129931,상처난 얼굴
20157344,52782.jpg,7.58,52782,풋루즈
20157343,146831.jpg,0.00,146831,프로이드
20157342,78763.jpg,0.00,78763,홀리나잇: 썰매구출 대소동
20157338,137281.jpg,8.70,137281,이사
20157337,153501.jpg,4.82,153501,불청객
20157336,162450.jpg,0.00,162450,사이
20157334,144548.jpg,0.00,144548,세상에서 가장 긴 기다림
20157332,149629.jpg,9.85,149629,종이비행기
20157327,97864.jpg,8.42,97864,희망에 빠진 남자들
20157326,158862.jpg,0.00,158862,히어로
20157325,98281.jpg,9.13,98281,14호 수용소: 완전 통제 구역
20157324,29098.jpg,7.57,29098,권총왕
20157323,14112.jpg,0.00,14112,검은 다이아몬드
20157321,60906.jpg,7.85,60906,고뇌와 환희
20157320,144547.jpg,0.00,144547,감사원 앞 도로에는 인도가 없다?
20157319,144541.jpg,0.00,144541,고추장과 미얀마 엄마
20157315,144540.jpg,0.00,144540,결혼 말고 사랑
20157313,19361.jpg,0.00,19361,황혼의 로맨스
20157312,43042.jpg,0.00,43042,효녀
20157311,137624.jpg,10.00,137624,골고다의 방
20157310,60074.jpg,8.16,60074,나사의 회전
20157309,101083.jpg,5.63,101083,노 굿 디드
20157308,103323.jpg,6.86,103323,당신 없는 일주일
20157307,153279.jpg,10.00,153279,대모험
20157306,11714.jpg,8.93,11714,더럽혀진 얼굴의 천사
20157305,133391.jpg,1.00,133391,데드존 오브 저스티스
20157304,134274.jpg,0.00,134274,독수리오형제 극장판 : 수수께끼의 레드 임펄스
20157303,134273.jpg,0.00,134273,독수리오형제 극장판 : 파이널 카운트 0002
20157302,20551.jpg,0.00,20551,돌아온 팔도 사나이
20157301,118375.jpg,7.95,118375,돌핀 테일 2
20157295,158084.jpg,0.00,158084,메소드
20157294,145039.jpg,0.00,145039,"미안, 바빠"
20157293,155331.jpg,10.00,155331,고해성사
20157292,87324.jpg,7.78,87324,아스타 라 비스타
20157291,145038.jpg,0.00,145038,브로큰 스톤
20157290,148501.jpg,0.00,148501,앱
20157289,145037.jpg,0.00,145037,발 가는 대로
20157287,147667.jpg,0.00,147667,드라이빙
20157286,145036.jpg,0.00,145036,면적 제로
20157285,158394.jpg,0.00,158394,쉘터
20157283,161772.jpg,0.00,161772,카피캣
20157282,135083.jpg,0.00,135083,다루기 힘든 그녀
20157281,133290.jpg,0.00,133290,H컵 젊은 과부의 짜릿한 컴백
20157271,144544.jpg,10.00,144544,와 이리 좋노
20157270,145033.jpg,0.00,145033,나빌라
20157269,155519.jpg,0.00,155519,아내의 애인
20159097,123276.jpg,4.44,123276,최후의 인류
20159096,143328.jpg,7.43,143328,"이 남자, 인어를 주웠습니다"
20159095,153531.jpg,4.91,153531,은밀한 정사
20159094,141331.jpg,4.80,141331,웨이스트랜드: 좀비의 도시
20159093,140242.jpg,5.39,140242,얼어붙은 문명
20158970,145791.jpg,9.03,145791,독도의 영웅
20158969,137621.jpg,10.00,137621,소녀의 기도
20158968,140920.jpg,0.00,140920,네 멋대로 해라!
20157268,161404.jpg,0.00,161404,당신
20157267,144232.jpg,0.00,144232,용지법
20157266,139709.jpg,0.00,139709,밥상
20157264,28883.jpg,9.25,28883,들백합
20157263,109954.jpg,7.57,109954,래기스
20157262,30676.jpg,8.73,30676,리오에서 온 사나이
20157261,162968.jpg,0.00,162968,비트레이얼
20157260,144233.jpg,0.00,144233,삼순이와 삼식이
20157259,135711.jpg,0.00,135711,산크리스토발
20157258,144234.jpg,0.00,144234,남편이 돌아왔다
20157257,107500.jpg,4.30,107500,떼시스: 예고 살인자 VS 최강 변호사
20157256,145032.jpg,0.00,145032,빅호러
20157255,119410.jpg,7.88,119410,챔피언
20157254,145030.jpg,0.00,145030,수송
20157253,144235.jpg,10.00,144235,얼씨구학당
20157252,144543.jpg,0.00,144543,삼정동 인생사진관
20157251,144542.jpg,0.00,144542,백점짜리 내 인생
20157250,145029.jpg,0.00,145029,다스 와드
20157249,144236.jpg,0.00,144236,나도 이제 할아버지입니다
20157248,144237.jpg,0.00,144237,어느 팔순잔치 이야기
20157241,101956.jpg,8.86,101956,미워하고 사랑하고
20157236,119433.jpg,8.17,119433,"멘, 우먼 & 칠드런"
20157235,142026.jpg,0.00,142026,미미와 다다의 미술탐험대
20157234,29061.jpg,7.55,29061,미스테리 트레인
20157232,162101.jpg,0.00,162101,배니쉬드
20157231,134750.jpg,0.00,134750,벼리다리치치포포
20157230,30389.jpg,8.44,30389,비장의 술수
20157229,137293.jpg,10.00,137293,사랑의 계절
20157228,160136.jpg,0.00,160136,사랑의 기술
20157227,104411.jpg,0.00,104411,선생님의 애완동물
20157225,136028.jpg,2.00,136028,보스를 죽여라
20157224,135385.jpg,0.00,135385,그녀의 취향: 치한플레이
20157223,128297.jpg,7.98,128297,해피 홀리데이
20157222,161083.jpg,0.00,161083,울프
20157218,143780.jpg,9.00,143780,동행
20157212,162933.jpg,9.00,162933,가면
20157211,144517.jpg,0.00,144517,홍주의 로맨스
20157210,61716.jpg,9.00,61716,가고 싶다
20157209,159550.jpg,6.50,159550,먹이
20157208,144515.jpg,10.00,144515,시지프
20157207,146881.jpg,0.00,146881,그 곳엔 아무도 없다
20157204,144509.jpg,5.50,144509,신탄진
20157202,144508.jpg,0.00,144508,저녁식사
20157197,128392.jpg,6.71,128392,라스트 위치 헌터
20157196,137820.jpg,10.00,137820,소울리스 2
20157195,144433.jpg,3.26,144433,400 데이즈
20157194,143210.jpg,5.35,143210,소림사 : 무림 절대고수
20157193,143240.jpg,5.00,143240,소림사 무림 탐정-대흥도방
20157192,140241.jpg,6.62,140241,슈퍼히어로 어벤져
20157191,137876.jpg,6.14,137876,위선자들
20157190,127426.jpg,4.33,127426,안드로이드 캅
20157188,130413.jpg,0.00,130413,뚱보 케빈의 살빼기 작전
20157187,131901.jpg,0.00,131901,오자
20157186,159505.jpg,0.00,159505,삼촌들
20157185,120683.jpg,0.00,120683,모델 빌리지
20157184,122334.jpg,0.00,122334,파시스트
20157183,114973.jpg,0.00,114973,암탉
20157182,161636.jpg,0.00,161636,69
20157181,125875.jpg,0.00,125875,복제품
20157176,144436.jpg,8.13,144436,오디세오
20157175,134134.jpg,8.55,134134,괴물의 아이
20157174,144446.jpg,0.00,144446,히어로 발러캣
20157173,144479.jpg,0.00,144479,팡타스마고리
20157172,141877.jpg,10.00,141877,토요일
20157171,144478.jpg,0.00,144478,오퍼레이션 라이징 터스크
20157170,154613.jpg,10.00,154613,어머니
20157169,144444.jpg,0.00,144444,스위치맨
20157168,144481.jpg,0.00,144481,세 개의 사과
20157167,143800.jpg,0.00,143800,사촌 베르트
20157166,147864.jpg,0.00,147864,버블
20157165,144480.jpg,0.00,144480,떠돌이 고양이
20157164,144447.jpg,0.00,144447,마음 한 구석의 비늘
20157162,144435.jpg,6.87,144435,파라노말 인시던트
20157161,136008.jpg,6.00,136008,벤베누토 첼리니
20157158,127866.jpg,8.35,127866,구스범스
20157157,141877.jpg,10.00,141877,토요일
20157156,145028.jpg,0.00,145028,"겨울, 폭죽, 그리고 나의 아버지"
20157155,143312.jpg,3.92,143312,고시원
20157154,145027.jpg,0.00,145027,10월이 지나가다
20157152,144559.jpg,0.00,144559,폭력 그룹
20157151,162574.jpg,0.00,162574,문
20157150,156056.jpg,0.00,156056,"연애, 그 가려움"
20157149,158562.jpg,10.00,158562,종소리
20157148,136236.jpg,0.00,136236,스플린터타임
20157147,125322.jpg,3.68,125322,힙스터: 안개의 덫
20157146,145074.jpg,9.00,145074,사일런트 보이
20157145,159819.jpg,10.00,159819,김치
20157144,155066.jpg,10.00,155066,출근길
20157143,155761.jpg,10.00,155761,엄마
20157142,150531.jpg,0.00,150531,불꽃놀이
20157141,131899.jpg,9.29,131899,신의 질문
20157133,160290.jpg,0.00,160290,박스
20157132,152016.jpg,0.00,152016,할매
20157131,131897.jpg,0.00,131897,방목
20157130,109634.jpg,5.00,109634,스킴
20157121,109169.jpg,6.30,109169,송 원
20157120,145026.jpg,8.00,145026,BOYHOOD
20157118,86993.jpg,0.00,86993,나도 살고싶다
20157117,160354.jpg,0.00,160354,트랙
20157116,144782.jpg,9.20,144782,사막 한 가운데서
20157115,162457.jpg,0.00,162457,침묵
20157113,145023.jpg,0.00,145023,마담 블랙
20157112,128576.jpg,0.00,128576,더 노이즈메이커
20157111,145022.jpg,0.00,145022,사람들이 당신을 좋아하게 만드는 법
20157110,154969.jpg,0.00,154969,제안
20157109,145021.jpg,10.00,145021,쓴 사과는 그 나무에서
20157108,144600.jpg,0.00,144600,추가시간
20157107,144599.jpg,0.00,144599,바다는 잔잔해졌네
20157106,144597.jpg,0.00,144597,더 라이언 맨
20157105,143248.jpg,7.93,143248,수상한 언니들
20157101,111699.jpg,0.00,111699,하드코어 코미디
20157096,140711.jpg,9.25,140711,보루토 - 나루토 더 무비
20157095,136702.jpg,0.00,136702,와일드 오렌지
20157094,126379.jpg,6.00,126379,라 보엠
20157093,136701.jpg,0.00,136701,위대한 바들리스
20157092,125464.jpg,7.86,125464,군중
20157091,102470.jpg,0.00,102470,팻시
20157090,66656.jpg,0.00,66656,쇼 피플
20157088,145914.jpg,0.00,145914,멍청이
20157087,95187.jpg,0.00,95187,스트리트 신
20157086,116744.jpg,0.00,116744,천국의 새
20157085,115872.jpg,0.00,115872,시나라
20157084,53178.jpg,7.00,53178,일용할 양식
20157083,140274.jpg,0.00,140274,웨딩 나이트
20157082,133858.jpg,0.00,133858,시타델
20158184,31653.jpg,0.00,31653,검은 난초
20158183,102608.jpg,0.00,102608,결혼 특급 대작전
20158182,159549.jpg,10.00,159549,착한 여자
20158163,162050.jpg,0.00,162050,더 파더
20158161,152718.jpg,0.00,152718,소꿉놀이
20158152,162031.jpg,0.00,162031,런 런 런
20158151,144903.jpg,3.96,144903,황진이
20158150,75006.jpg,8.68,75006,워크래프트: 전쟁의 서막
20158149,126530.jpg,7.00,126530,하드코어 디스코
20158148,108061.jpg,6.60,108061,도미니언: 드라코니안의 음모
20158147,137189.jpg,9.00,137189,옥포 조선소
20158146,137188.jpg,0.00,137188,스와니-1989 아세아스와니 원정투쟁의 기록
20158145,137187.jpg,10.00,137187,대답해줘
20158144,137186.jpg,10.00,137186,우리보고 죽우란 말이냐
20158143,137185.jpg,8.00,137185,탈선derailed
20158126,156953.jpg,0.00,156953,모던 러브 - 유예된 키스
20158125,143446.jpg,4.33,143446,더 코드 오브 카인
20158124,103733.jpg,3.13,103733,CCTV: 죽음의 시선
20158123,133156.jpg,0.00,133156,어느 여행자의 기억 : 디지털 삼인삼색 2011
20158122,133157.jpg,0.00,133157,아직 할 말이 남았지만 : 디지털 삼인삼색2012
20158121,133158.jpg,2.00,133158,이방인들 : 디지털 삼인삼색2013
20158118,160711.jpg,0.00,160711,딥 다크
20158114,151036.jpg,0.00,151036,불행해 행복해
20158112,119628.jpg,5.67,119628,헬리온
20158111,154545.jpg,0.00,154545,폭탄
20158101,71432.jpg,7.28,71432,어떤 방문 : 디지털 삼인삼색2009
20158096,143267.jpg,6.50,143267,미저리: 엘리베이터 여자
20158094,117573.jpg,0.00,117573,툴코우
20158093,144464.jpg,0.00,144464,엘리를 찾아서
20158091,101662.jpg,8.29,101662,유고와 라라: 하늘고래와 구름섬 대모험
20158090,53783.jpg,10.00,53783,생일
20158088,162417.jpg,0.00,162417,유산
20158085,135874.jpg,9.27,135874,커밍홈
20158082,122960.jpg,6.63,122960,투캅스 인 파리
20158081,132769.jpg,0.00,132769,열여덟
20158080,158543.jpg,0.00,158543,썰
20158079,144274.jpg,0.00,144274,심
20158078,150162.jpg,4.00,150162,선물
20158075,132964.jpg,0.00,132964,삐뚤 빼뚤
20158072,160342.jpg,0.00,160342,마인
20158071,147546.jpg,9.50,147546,마음의 문제
20158070,143780.jpg,9.00,143780,동행
20158069,133223.jpg,8.30,133223,노아의 방주: 남겨진 녀석들
20158068,133177.jpg,3.39,133177,나는 야한 여자가 좋다 3
20158067,127463.jpg,7.88,127463,수춘도
20158065,130386.jpg,9.40,130386,그날의 밤
20158063,137381.jpg,9.60,137381,더 로드 위딘
20158062,129164.jpg,8.43,129164,숀더쉽
20158061,124840.jpg,8.11,124840,윈터 슬립
20158060,152869.jpg,0.00,152869,할아버지는 벚꽃나무였어
20158059,90815.jpg,0.00,90815,콧수염
20158055,144491.jpg,0.00,144491,모든 것은 변한다
20158054,135210.jpg,0.00,135210,어떤 이혼
20158053,103848.jpg,9.33,103848,나의 프랑스 연인
20158052,114991.jpg,0.00,114991,베리만 통과하기
20158051,161774.jpg,0.00,161774,에고
20158050,157438.jpg,8.06,157438,동창회
20158049,120651.jpg,0.00,120651,"돈 크라이 포 미, 예테보리"
20158048,154697.jpg,0.00,154697,호텔
20158047,137970.jpg,9.44,137970,발레리안: 천 개 행성의 도시
20158046,117204.jpg,8.00,117204,스톡홀름 스토리
20158045,76243.jpg,7.17,76243,키스 미 어게인
20158044,130041.jpg,8.88,130041,어느 독재자
20158043,113157.jpg,0.00,113157,"바웬사, 희망의 인간"
20158042,135874.jpg,9.27,135874,커밍 홈
20158041,110026.jpg,7.71,110026,더 배터리
20158022,19847.jpg,9.00,19847,구름은 흘러도
20158021,120311.jpg,0.00,120311,런던잡
20158009,139979.jpg,0.00,139979,특별한 사람
20158007,50293.jpg,6.69,50293,탈리-이한탈라 1944
20158004,138317.jpg,0.00,138317,아빠랑 나랑
20158003,136691.jpg,0.00,136691,할머니의 수다
20158002,86766.jpg,0.00,86766,옛날 옛날에
20158000,143807.jpg,10.00,143807,톰과 제리: 잭과 콩나무
20157999,118971.jpg,7.27,118971,핫 텁 타임머신 2
20157998,85567.jpg,6.98,85567,트립 투 잉글랜드
20157997,10031.jpg,5.66,10031,죠스 3
20157996,107086.jpg,7.08,107086,좀비야 내가 간다
20157995,46204.jpg,0.00,46204,존재한 적 없는 사나이
20157994,23914.jpg,7.82,23914,제너두
20157993,140225.jpg,7.50,140225,저스티스 리그: 갓 앤 몬스터
20157992,12456.jpg,7.00,12456,장난감 나라
20157991,140625.jpg,0.00,140625,이웃집 소녀
20157990,88733.jpg,9.00,88733,완벽한 이방인
20157989,31638.jpg,8.89,31638,로슈포르의 숙녀들
20157988,133230.jpg,0.00,133230,빚잔치 2억-노리개의 시작
20157987,133190.jpg,0.00,133190,만져도 될까?-유부녀의 사랑
20157986,136660.jpg,3.23,136660,검은손
20157982,137681.jpg,0.00,137681,페삭의 처녀 1979
20157981,137441.jpg,0.00,137441,인터메조
20157978,145012.jpg,0.00,145012,흥분할 필요 없어!
20157977,140647.jpg,7.24,140647,저주
20157976,145011.jpg,0.00,145011,블루 썬더
20157975,86151.jpg,0.00,86151,8월에
20157974,121000.jpg,0.00,121000,솔레시토
20157970,61498.jpg,0.00,61498,러브 미 투나잇
20157965,31516.jpg,0.00,31516,미스 진 브로디의 전성기
20157961,137679.jpg,0.00,137679,히에로니무스 보슈의 쾌락정원
20157943,140360.jpg,0.00,140360,여름의 거울
20157942,79489.jpg,0.00,79489,여정의 끝
20157941,133282.jpg,4.00,133282,매미 그리고 여자
20157940,118981.jpg,10.00,118981,언피니시드 비즈니스
20157939,140331.jpg,0.00,140331,굿 이어
20157936,148898.jpg,0.00,148898,알로하
20157935,158445.jpg,0.00,158445,빅토르
20157934,92501.jpg,5.54,92501,아그니파스
20157933,145043.jpg,0.00,145043,희광이
20157931,85912.jpg,0.00,85912,쉐도우 퍼핏
20157930,144372.jpg,0.00,144372,그대로 멈춰라
20157929,151210.jpg,0.00,151210,삭제하시겠습니까?
20157928,95201.jpg,10.00,95201,세븐 데이즈 인 하바나
20157927,151130.jpg,6.72,151130,생존 게임
20157925,134175.jpg,5.50,134175,불륜 휴가
20157924,143805.jpg,10.00,143805,DCU: 배트맨의 아들
20157923,139514.jpg,0.00,139514,텐 빌딩스 어웨이
20157922,138605.jpg,0.00,138605,독학자
20157921,138607.jpg,0.00,138607,히스테릭스
20157911,148474.jpg,2.33,148474,더 레슨
20157910,160524.jpg,0.00,160524,체인
20157909,136198.jpg,0.00,136198,"케이시 모텟 클레인, 배우의 탄생"
20157907,130949.jpg,7.40,130949,길들여진 말
20157906,109036.jpg,6.97,109036,더 그레이트 서커스
20157905,119861.jpg,8.63,119861,딥 임팩트 파이널
20157904,118948.jpg,6.82,118948,더 건맨
20157903,133266.jpg,0.00,133266,젖은 팬티의 은밀한 유혹
20157902,133247.jpg,10.00,133247,완벽한 사육 무삭제판
20157901,73433.jpg,4.17,73433,마법의 히드라
20157883,135807.jpg,8.40,135807,극장판 파워레인저 트레인포스 VS 다이노포스 THE MOVIE
20157882,120148.jpg,3.67,120148,하녀의 방
20157881,95541.jpg,8.74,95541,미션 임파서블: 로그네이션
20157865,157216.jpg,0.00,157216,해피 버스데이
20157864,143804.jpg,9.00,143804,배트맨: 아캄 습격
20157863,118991.jpg,5.47,118991,라이프 애프터 베스
20157862,136108.jpg,0.00,136108,공백의 얼굴들
20157861,129678.jpg,8.33,129678,아름다운 유혹
20157856,143226.jpg,1.00,143226,그녀는 맛있는 섹스파트너
20157855,143233.jpg,0.00,143233,남편과 다른 맛
20157854,143243.jpg,0.00,143243,그 입술에 사랑을
20157852,144437.jpg,0.00,144437,달빛섹스정사-기모노
20157851,144439.jpg,0.00,144439,아내에겐 할 수 없는 일-화장실
20157850,143229.jpg,0.00,143229,사랑과 성욕의 차이
20157849,105135.jpg,0.00,105135,불행히도
20157847,105133.jpg,0.00,105133,신사의 로맨스
20157846,126014.jpg,9.35,126014,겨울왕국 열기
20157845,92202.jpg,9.00,92202,조율
20157844,160521.jpg,0.00,160521,마스크
20157843,127752.jpg,0.00,127752,카르멘 토레로
20157842,49668.jpg,0.00,49668,프란츠 카프카
20157840,144440.jpg,0.00,144440,욕정의 기모노 정사
20157839,143246.jpg,0.00,143246,유부녀의 음담패설-실화
20157838,143247.jpg,0.00,143247,실제로 있었던 조건만남
20157837,143254.jpg,0.00,143254,사쿠라 여자 수용소
20157836,143255.jpg,0.00,143255,흡족한 밤 - 마술과 섹스
20157834,145599.jpg,0.00,145599,긴 여정의 엘레지
20157833,145598.jpg,0.00,145598,오리엔탈 엘레지
20157832,65335.jpg,0.00,65335,일식의 날
20157831,144904.jpg,0.00,144904,모스크바 엘레지
20157830,29417.jpg,7.67,29417,인간의 고독한 목소리
20157829,144108.jpg,0.00,144108,상사를 사랑한 여직원
20157828,143271.jpg,0.00,143271,굴욕 조교 - 불타는 유부녀
20157827,143305.jpg,0.00,143305,어디까지 해봤니-유부녀
20157826,143310.jpg,0.00,143310,발칙한 사정열차 - 그놈의 느낌
20157825,99035.jpg,10.00,99035,농부의 노래
20157824,127333.jpg,7.34,127333,탱고
20157823,144498.jpg,0.00,144498,리플렉션
20157816,155492.jpg,0.00,155492,미로
20157815,161364.jpg,0.00,161364,집
20157814,85014.jpg,0.00,85014,엔리케 세상을 파괴하다
20157813,127678.jpg,0.00,127678,피의 길
20157812,127679.jpg,0.00,127679,에어캡 속 환타지
20157811,127680.jpg,0.00,127680,파워플레이: 세이프 섹스
20157810,127682.jpg,0.00,127682,국경선
20157809,127763.jpg,0.00,127763,우리 속 개 이야기 2
20157808,147958.jpg,0.00,147958,개구리
20157805,127684.jpg,0.00,127684,우리 속 개 이야기 1
20157804,127685.jpg,0.00,127685,트릭 오어 트릿
20157803,127686.jpg,0.00,127686,레드셔츠 랜딩 파티
20157802,127687.jpg,10.00,127687,빈스
20157801,54140.jpg,8.50,54140,푸시캣
20157785,70924.jpg,8.00,70924,그들이 어떻게 추락하는지 보라
20157784,145478.jpg,7.33,145478,아이다 라스칼라
20157783,52900.jpg,0.00,52900,창녀 고문 지옥
20157782,147054.jpg,8.19,147054,신은 죽지 않았다
20157781,130914.jpg,6.09,130914,우먼 인 블랙: 죽음의 천사
20157770,159418.jpg,0.00,159418,포탄의 거리
20157769,146792.jpg,0.00,146792,저 멀리
20157768,136218.jpg,0.00,136218,림보 림보 트래블
20157766,148548.jpg,0.00,148548,벨로드룰
20157765,131087.jpg,0.00,131087,하프 웻
20157764,148360.jpg,0.00,148360,토토
20157763,146694.jpg,0.00,146694,바이올렛
20157762,144550.jpg,0.00,144550,공포의 물고기
20157761,111632.jpg,5.04,111632,타이거 마스크
20157750,155690.jpg,0.00,155690,프레셔
20157749,97816.jpg,8.47,97816,호빗
20157733,126071.jpg,5.13,126071,인디펜던스: 인류 최후의 반격
20157732,143232.jpg,7.00,143232,악령의 땅
20157731,116521.jpg,6.40,116521,더 인포먼트
20157723,110103.jpg,10.00,110103,장례식장 피냐타
20157722,70254.jpg,8.85,70254,아이언 맨 3
20157721,156114.jpg,9.82,156114,하루
20157705,150804.jpg,0.00,150804,오퍼레이터
20157704,103561.jpg,4.37,103561,침묵의 파이터
20157702,103331.jpg,8.80,103331,스윗 프랑세즈
20157687,141544.jpg,0.00,141544,라피
20157685,163288.jpg,0.00,163288,오토
20157684,99715.jpg,9.40,99715,파라다이스
20157674,109388.jpg,0.00,109388,위 윌리 윙키
20157673,127732.jpg,0.00,127732,요코소보쿠데스 셀렉션
20157672,155424.jpg,0.00,155424,너바나
20157670,110964.jpg,0.00,110964,트립티크
20157669,127733.jpg,0.00,127733,바코드 III.0
20157668,127734.jpg,0.00,127734,수미 드림즈
20157667,127735.jpg,0.00,127735,무의식의 세계
20157666,127736.jpg,0.00,127736,검은 직사각형
20157665,127737.jpg,0.00,127737,대중심리학 - 27번 시냅스의 메시지
20157664,127738.jpg,0.00,127738,코우코우
20157663,114420.jpg,0.00,114420,새 똥
20157662,127739.jpg,0.00,127739,연필 테스트
20157661,125660.jpg,0.00,125660,공감각
20157658,54777.jpg,0.00,54777,점박이와 얼룩이
20157657,127677.jpg,0.00,127677,살구
20157656,68413.jpg,0.00,68413,애스턴의 돌
20157655,122319.jpg,0.00,122319,"범범, 어부의 아이"
20157654,127667.jpg,0.00,127667,바라던 방향으로 긴 다리
20157653,127668.jpg,0.00,127668,파도는 흔들흔들
20157652,54143.jpg,0.00,54143,코의 또 다른 기능
20157651,127669.jpg,0.00,127669,하늘에서 비가 내려
20157650,127670.jpg,0.00,127670,토넬라게
20157649,127671.jpg,0.00,127671,해변 따라 부는 바람
20157648,127672.jpg,0.00,127672,느려터진 식당
20157647,127673.jpg,0.00,127673,지방 학교
20157646,133242.jpg,0.00,133242,첫 동거를 시작할 때
20157645,133241.jpg,0.00,133241,불륜 드라마 같은 내 인생
20157644,133245.jpg,0.00,133245,달콤한 애인 계약서
20157643,133240.jpg,0.00,133240,다리사이 여신강림
20157642,133239.jpg,0.00,133239,두 번째 불륜 프리섹스 선언!
20157641,133236.jpg,0.00,133236,편의점 알바생의 정사
20157636,37645.jpg,8.10,37645,왼쪽에서 오른쪽으로
20157634,109376.jpg,0.00,109376,상상속의 칠레
20157633,127652.jpg,0.00,127652,기억 되감기
20157632,120222.jpg,0.00,120222,주인의 목소리 카베이라오
20157631,134976.jpg,4.06,134976,다른 길이 있다
20157630,81212.jpg,0.00,81212,네이키드 피어
20157627,133284.jpg,0.00,133284,욕망의 라쇼몽 무삭제판
20157626,87749.jpg,8.11,87749,유어 시스터스 시스터
20157625,133168.jpg,2.86,133168,에이리언 터미네이터
20157624,81357.jpg,9.10,81357,더 딥 블루 씨
20157623,93928.jpg,6.10,93928,배틀 오브 머신
20157622,133224.jpg,5.80,133224,킬링 머신
20157621,136648.jpg,5.43,136648,알래스카 대지진
20157603,135011.jpg,5.47,135011,캅카
20157602,107934.jpg,7.14,107934,나쁜 사랑
20157587,136649.jpg,6.79,136649,파울볼
20157585,133270.jpg,0.00,133270,참을 수 없는 이미지 섹스
20157584,133238.jpg,8.17,133238,윈드랜드
20157583,136823.jpg,8.96,136823,그게 아니고
20157582,134990.jpg,9.53,134990,슬픈 씬
20157581,136822.jpg,9.50,136822,내 노래를 들어줘
20157569,139433.jpg,7.92,139433,아버지의 초상
20157568,106839.jpg,7.71,106839,감독 미카엘 하네케
20157567,141413.jpg,7.58,141413,체르노빌: 원전 대폭발
20157566,96089.jpg,8.33,96089,백조의 호수
20157565,97960.jpg,7.77,97960,더 봄버 : 최강폭격부대
20157564,114379.jpg,3.86,114379,대명겁: 천하대전
20157563,161279.jpg,0.00,161279,1944
20157562,119410.jpg,7.88,119410,챔피언
20157561,119457.jpg,7.35,119457,생 로랑
20157552,23575.jpg,9.00,23575,한말풍운과 민충정공
20157551,131938.jpg,0.00,131938,자유로운 스탭에
20157550,126357.jpg,4.50,126357,원죄
20157549,124770.jpg,0.00,124770,"여기, 저기"
20157548,124776.jpg,0.00,124776,폭발 직전
20157547,125192.jpg,0.00,125192,도쿄 심포니
20157546,124783.jpg,0.00,124783,스트로보스코프
20157545,155975.jpg,0.00,155975,나를 기억해
20157544,127974.jpg,0.00,127974,마리 페파
20157543,150502.jpg,0.00,150502,예루살렘
20157542,94903.jpg,10.00,94903,첫 눈에 반한 사랑
20157541,120720.jpg,0.00,120720,금광
20157540,108932.jpg,0.00,108932,피 말린 소녀의 우화
20157539,64559.jpg,0.00,64559,용기와 마음
20157538,160864.jpg,0.00,160864,프리즈너스
20157537,131933.jpg,0.00,131933,타이드 업
20157536,131932.jpg,10.00,131932,세상의 종말을 위한 4중주
20157535,51604.jpg,0.00,51604,뒤에 달린 눈
20157534,148655.jpg,7.94,148655,매직
20157533,116008.jpg,10.00,116008,더 폰 콜
20157532,124752.jpg,0.00,124752,디 에그 트릭
20157531,118968.jpg,4.31,118968,판타스틱 4
20157530,137757.jpg,9.06,137757,"아, 사랑이란..."
20157529,89457.jpg,8.00,89457,홀리 패밀리
20157528,44866.jpg,6.95,44866,호텔 슈발리에
20157527,153083.jpg,0.00,153083,카니발
20157526,131928.jpg,0.00,131928,기념품
20157524,131926.jpg,0.00,131926,우리 집에 온 손님들
20157523,146013.jpg,0.00,146013,포효
20157522,131924.jpg,0.00,131924,디지털 원주민
20157521,131923.jpg,7.00,131923,로밍 디자이어
20157511,131047.jpg,0.00,131047,더 카르만 라인
20157510,160990.jpg,5.55,160990,캐치
20157506,135618.jpg,10.00,135618,찬란한 동거생활4-사랑과 욕망의 여행
20157505,135402.jpg,0.00,135402,한밤의 사무실정사
20157504,135617.jpg,0.00,135617,찬란한 동거생활3-불륜과 진실의 섹스
20157503,112895.jpg,4.70,112895,십이야: 깊고 붉은 열두 개의 밤 Chapter1
20157501,115520.jpg,6.50,115520,극적인 하룻밤
20157487,154920.jpg,0.00,154920,열쇠
20157486,162924.jpg,0.00,162924,릴
20157485,131920.jpg,0.00,131920,페스투스
20157484,131919.jpg,0.00,131919,처가
20157483,146168.jpg,0.00,146168,렛 고
20157482,124821.jpg,0.00,124821,마지막 병사
20157481,121349.jpg,0.00,121349,집에 보내는 편지
20157467,85818.jpg,7.00,85818,킬 리스트
20157466,136821.jpg,8.48,136821,"로봇, 소리"
20157465,148643.jpg,8.50,148643,그놈이다
20157464,158415.jpg,0.00,158415,더 폰
20157462,133248.jpg,4.67,133248,완전한 사육 2015 무삭제판
20157461,114241.jpg,6.14,114241,언셀러
20157444,150976.jpg,0.00,150976,패롯
20157443,151279.jpg,10.00,151279,여름의 시작
20157441,149456.jpg,0.00,149456,멜리스
20157439,129097.jpg,0.00,129097,밀크셰이크
20157438,144567.jpg,0.00,144567,작은에미
20157437,144566.jpg,0.00,144566,작은 고집
20157436,124164.jpg,0.00,124164,파산
20157435,124805.jpg,8.79,124805,세상의 소금
20157433,133269.jpg,0.00,133269,미소녀 시크릿카페
20157432,99701.jpg,7.04,99701,007 스펙터
20157431,133253.jpg,4.84,133253,명량: 회오리 바다를 향하여
20157430,154969.jpg,0.00,154969,제안
20157428,131915.jpg,6.67,131915,내 인생의 물고기
20157427,126773.jpg,7.29,126773,나 + 그녀
20157426,151570.jpg,0.00,151570,파이어드
20157425,131914.jpg,0.00,131914,해변의 깃발
20157424,131913.jpg,0.00,131913,기타를 위한 시간은 없다
20157423,131912.jpg,0.00,131912,콘트레라스 패밀리
20157422,133288.jpg,9.75,133288,"단지 키스, 맛있는 키스"
20157421,109473.jpg,9.03,109473,뷰티풀 라이
20157404,153457.jpg,10.00,153457,종이학
20157403,84851.jpg,7.08,84851,아버지의 비밀
20157402,155846.jpg,0.00,155846,소음
20157401,131911.jpg,9.00,131911,공무 집행
20157399,162431.jpg,0.00,162431,가장이니까
20157398,160253.jpg,0.00,160253,파업
20157396,146077.jpg,0.00,146077,귀로
20157394,157302.jpg,0.00,157302,팔로우
20157393,131910.jpg,0.00,131910,멀고 먼 여정
20157392,131909.jpg,0.00,131909,로스트 큐버트
20157391,138512.jpg,0.00,138512,자유인
20157390,131908.jpg,0.00,131908,좋은 꿈 꿔
20157389,160641.jpg,10.00,160641,더 월드
20157388,108821.jpg,0.00,108821,체인스 오브 러브
20157387,131907.jpg,0.00,131907,노년의 봄
20157376,144106.jpg,0.00,144106,홀인원 섹스: 능욕의 프로골퍼
20157375,113344.jpg,8.34,113344,세컨드
20157373,81805.jpg,7.76,81805,스켈리턴 트윈스
20157372,114279.jpg,6.89,114279,스트레스를 부르는 그 이름 직장상사 2
20157371,53919.jpg,10.00,53919,스프링 1941: 아픈기억
20157370,133519.jpg,9.00,133519,아이언맨 & 캡틴 아메리카
20157369,133520.jpg,5.00,133520,아이언맨 & 헐크
20157368,143436.jpg,6.04,143436,악령들
20157367,38476.jpg,5.33,38476,알라모
20157365,121112.jpg,6.00,121112,어메이징 어드벤처: 사후의 세계
20157364,52984.jpg,8.03,52984,룩킹 포 에릭
20157363,101918.jpg,9.00,101918,엔젤스 싱
20157361,22316.jpg,9.00,22316,예비군 팔도 사나이
20157360,154272.jpg,10.00,154272,오리엔트 특급 살인사건
20157359,43502.jpg,8.64,43502,워 로드
20157356,114259.jpg,7.69,114259,이프 아이 스테이
20157354,65503.jpg,7.76,65503,잘있으니까 걱정말아요
20157353,101844.jpg,8.33,101844,지오그래피 클럽
20157352,107099.jpg,8.07,107099,캘버리
20157351,44825.jpg,8.63,44825,커트 코베인 어바웃 어 선
20157350,12924.jpg,8.41,12924,켈리의 영웅들
20157349,123586.jpg,9.00,123586,코르작
20157348,52651.jpg,0.00,52651,크레이지 뷰티풀
20157347,100128.jpg,2.80,100128,토처 챔버
20157346,133646.jpg,0.00,133646,포겟 미 낫
20159252,139164.jpg,9.00,139164,크랭스
20159250,139160.jpg,0.00,139160,바다 위의 꽃
20159249,139142.jpg,10.00,139142,사운드 오브 엠비언스
20159248,139141.jpg,7.00,139141,절망
20159245,116919.jpg,0.00,116919,야생마들
20159244,139159.jpg,0.00,139159,이탈로
20159241,117340.jpg,0.00,117340,레몬과 오렌지의 사랑
20159234,139166.jpg,8.50,139166,슬럼: 미래의 도시
20159233,139165.jpg,7.00,139165,바빌라
20159231,139161.jpg,0.00,139161,실베스트레 판텔레온
20159230,139162.jpg,0.00,139162,화산 아래 우리 동네
20159229,139163.jpg,0.00,139163,"태어난 땅, 팔리는 땅"
20159224,132976.jpg,7.49,132976,혜경궁 홍씨
20159223,119437.jpg,5.75,119437,데모닉
20159222,95328.jpg,7.10,95328,아웃 오브 더 퍼니스
20159221,138210.jpg,7.07,138210,정글번치: 너구리 해적단과 보물지도
20159215,129811.jpg,6.68,129811,백컨트리 - 야생곰의 습격
20159214,145427.jpg,0.00,145427,음란한 너만을 생각해
20159213,143209.jpg,0.00,143209,바로 밑에서 훔쳐보기
20159212,145435.jpg,0.00,145435,음란한 꽃의 여름
20159211,145423.jpg,0.00,145423,단지처 길들이기 - 유부녀
20159210,145438.jpg,0.00,145438,환자의 욕정풀기 - 간호사
20159196,145428.jpg,0.00,145428,다다미 방의 정사
20159195,145425.jpg,0.00,145425,과부의 욕정 풀기
20159194,143223.jpg,0.00,143223,음탕한 여대생 기숙사
20159193,143217.jpg,0.00,143217,간호사들의 음담패설-충격실화
20159191,133127.jpg,7.38,133127,자매의 방
20159190,44545.jpg,9.33,44545,어깨총
20159189,44541.jpg,9.25,44541,양지 바른 쪽
20159188,50214.jpg,8.09,50214,봉급날
20159186,39433.jpg,8.50,39433,하루의 행락
20159184,133226.jpg,0.00,133226,변태투명인간2- 간호사 훔쳐보기
20159182,133138.jpg,0.00,133138,사채빚 2억-불어난 이자
20159181,137415.jpg,0.00,137415,벌거벗은 사랑은 음란하다
20159162,118967.jpg,7.39,118967,갓 오브 이집트
20159161,153201.jpg,8.33,153201,마돈나
20159142,120547.jpg,6.11,120547,쥬라기 시티
20159141,118994.jpg,7.43,118994,피치 퍼펙트: 언프리티 걸즈
20159140,133153.jpg,0.00,133153,욕정이 흐르는 대로
20159139,133154.jpg,0.00,133154,탐스러운 선생님의 향기
20159138,133152.jpg,0.00,133152,마리아가 속삭이는 이유
20159137,133140.jpg,0.00,133140,왕게임 - 58일후 전편
20159136,133163.jpg,0.00,133163,본능에 몸을 맡기고
20159135,133151.jpg,0.00,133151,속옷 입기 싫어하는 유이
20159134,133237.jpg,0.00,133237,바나나 온천정사
20158886,143539.jpg,7.58,143539,마가렛트 여사의 숨길 수 없는 비밀
20158885,142242.jpg,7.02,142242,이웃집에 신이 산다
20158884,99092.jpg,7.94,99092,퀸 오브 데저트
20158883,114266.jpg,6.17,114266,에브리띵 윌 비 파인
20158882,163133.jpg,0.00,163133,유스
20158881,129986.jpg,5.66,129986,도쿄 트라이브
20158861,133160.jpg,6.96,133160,나인틴 : 쉿! 상상금지!
20158846,136571.jpg,6.79,136571,키핑 로지
20158845,145439.jpg,7.00,145439,완벽한 사육: 인간 사냥
20158843,144687.jpg,0.00,144687,모팽양에게
20158841,120103.jpg,5.85,120103,타이거 마운틴
20158836,145441.jpg,7.06,145441,공즉시색
20158835,138404.jpg,7.03,138404,러브 앤 피스
20158834,138895.jpg,5.31,138895,리얼 술래잡기
20158832,145401.jpg,0.00,145401,8번째 욕정
20158831,102398.jpg,3.50,102398,정사2015: 노인과 소녀
20158830,136122.jpg,9.00,136122,도라: 욕망에 눈뜨다
20158829,145754.jpg,3.22,145754,다크니스: 영혼의 그림자
20158828,145650.jpg,0.00,145650,킬 마이 러버
20158821,138592.jpg,7.79,138592,삼례
20158806,145479.jpg,6.61,145479,용주골
20158805,161085.jpg,0.00,161085,킬러
20158804,139084.jpg,5.00,139084,블링크 : 침묵의 시간
20158803,138606.jpg,0.00,138606,식물들: 자카르타 모노레일 103
20158802,138602.jpg,6.75,138602,"회상, 어둔 밤"
20158801,138601.jpg,9.50,138601,여배우는 오늘도
20158800,138600.jpg,8.60,138600,비공식 개강총회
20158799,134772.jpg,8.96,134772,눈길
20158798,138596.jpg,5.30,138596,짓2: 붉은 낙타
20158797,119506.jpg,8.56,119506,펑정지에는 펑정지에다
20158796,138597.jpg,9.33,138597,연길
20158795,138599.jpg,7.85,138599,해에게서 소년에게
20158794,138598.jpg,10.00,138598,정조문의 항아리
20158793,138585.jpg,10.00,138585,열린 사회와 그 적들
20158792,153501.jpg,4.82,153501,불청객
20158791,138580.jpg,10.00,138580,사류 射流
20158790,138589.jpg,0.00,138589,탐색
20158784,138591.jpg,7.13,138591,폭력의 틈
20158782,159108.jpg,10.00,159108,꿈
20158781,155062.jpg,0.00,155062,잊지 않을게
20158779,142402.jpg,0.00,142402,어느 봄날
20158775,138587.jpg,9.63,138587,우리가 택한 이 별
20158774,139586.jpg,0.00,139586,다녀오겠습니다
20158773,151007.jpg,8.13,151007,기도
20158772,138588.jpg,10.00,138588,청원휴가
20158771,125478.jpg,7.85,125478,투 나잇 스탠드
20158770,161641.jpg,0.00,161641,스테이!
20158769,138579.jpg,8.33,138579,물구나무 서는 여자
20158768,150547.jpg,0.00,150547,심경
20158765,138577.jpg,9.83,138577,고란살
20158764,154637.jpg,0.00,154637,아지랑이
20158761,138584.jpg,9.00,138584,여름의 끝자락
20158749,158657.jpg,0.00,158657,로드킬
20158748,114794.jpg,6.93,114794,데스 로드
20158747,138578.jpg,10.00,138578,내마내모
20158746,137280.jpg,7.75,137280,지상의 양식
20158745,138572.jpg,5.34,138572,고백할 수 없는
20158744,137035.jpg,7.96,137035,짐작보다 따뜻하게
20158743,117769.jpg,9.00,117769,눈이라도 내렸으면
20158724,111981.jpg,9.17,111981,파리지엔느 프로젝트
20158723,98539.jpg,10.00,98539,욕망의 파라다이스
20158722,125901.jpg,0.00,125901,시럽
20158721,133180.jpg,5.25,133180,공사중
20158708,144670.jpg,1.00,144670,로즈빌: 미해결 살인 사건
20158707,97830.jpg,1.00,97830,서바이버 포 걸스
20158706,133218.jpg,10.00,133218,음란한 도촬
20158705,140286.jpg,8.44,140286,서울야행
20158704,127768.jpg,6.19,127768,언프렌디드: 친구삭제
20158703,158574.jpg,0.00,158574,트래쉬
20158661,133219.jpg,10.00,133219,음양사 2015
20158643,105013.jpg,6.94,105013,뱀파이어 아카데미
20158624,145637.jpg,4.14,145637,먹
20158623,133487.jpg,0.00,133487,EDM : 악마의 소리
20158622,47360.jpg,6.67,47360,엑시덴탈 러브
20158621,94183.jpg,9.72,94183,스파이
20158603,144669.jpg,0.00,144669,유턴금지
20158602,110322.jpg,7.91,110322,일개인적무림
20158601,133220.jpg,5.05,133220,다이 파이팅
20158593,28517.jpg,8.96,28517,불꽃놀이 아래서 볼까? 옆에서 볼까?
20159133,133135.jpg,10.00,133135,넥스트 제네레이션 패트레이버 7
20159132,134832.jpg,8.13,134832,버진 뱀파이어
20159131,82071.jpg,8.44,82071,에일리언 라이징
20159130,157423.jpg,10.00,157423,데스타운
20159129,133155.jpg,7.13,133155,데몬 베이비
20159128,133159.jpg,6.92,133159,워리어 스타
20159127,133113.jpg,6.78,133113,감옥정사
20159124,133175.jpg,5.50,133175,스티븐 시걸의 비밀요원
20159122,133110.jpg,0.00,133110,목포 65Km
20159121,133167.jpg,0.00,133167,시크릿 가면섹스
20159112,90552.jpg,6.06,90552,크롬스컬: 레이드 투 레스트 2
20159111,128977.jpg,0.00,128977,인투 더 다크
20159110,160592.jpg,0.00,160592,피싱
20159109,95597.jpg,7.75,95597,페라리 키 사와아리
20159108,143801.jpg,1.86,143801,파이어 트위스터
20159107,98482.jpg,6.58,98482,트루 스토리
20159104,130955.jpg,5.79,130955,핫 퍼슈트
20159103,127982.jpg,8.09,127982,우주형제#0
20159102,125433.jpg,7.46,125433,씨 오브 트리스
20159100,162830.jpg,0.00,162830,휴먼
20159099,110036.jpg,0.00,110036,차르 딘 키 찬드니
20159092,119508.jpg,7.40,119508,앙투라지
20159091,96397.jpg,0.00,96397,"아내, 불륜의 일탈"
20159090,118695.jpg,0.00,118695,신이 없는 일요일
20159089,29408.jpg,8.25,29408,세컨드 서클
20159087,122793.jpg,0.00,122793,블루 칼라 보이즈
20159086,141875.jpg,0.00,141875,보니와 클라이드
20159085,128079.jpg,10.00,128079,변신 싸움소 바우
20159082,158254.jpg,0.00,158254,디 트레인
20159081,120911.jpg,5.71,120911,살인 질주
20159080,10824.jpg,8.09,10824,바운티 호의 반란
20159079,130954.jpg,9.03,130954,몽키 킹덤
20159078,55125.jpg,5.50,55125,고래를 본 날
20159077,102847.jpg,9.75,102847,몰 : 데이투킬
20159076,121750.jpg,7.75,121750,마블원샷: 올 헤일 더 킹
20159074,73387.jpg,9.00,73387,데 다나 단
20159073,120119.jpg,0.00,120119,토이 솔저스
20159071,86981.jpg,8.66,86981,쉐어 더 비전
20159070,123108.jpg,0.00,123108,다이어리 오브 어 버터플라이
20159065,88941.jpg,0.00,88941,3년 후
20159064,119300.jpg,7.38,119300,밤을 걷는 뱀파이어 소녀
20159063,119272.jpg,6.16,119272,트립 투 이탈리아
20159062,128946.jpg,6.70,128946,벚꽃 물든 게이샤
20159061,94109.jpg,0.00,94109,코비토즈칸
20159060,109207.jpg,0.00,109207,180° 사우스
20159059,113301.jpg,8.29,113301,앨빈과 슈퍼밴드: 악동 어드벤처
20159058,97629.jpg,8.52,97629,도리를 찾아서
20159057,139137.jpg,10.00,139137,자전거 vs 자동차
20159050,139124.jpg,8.00,139124,내 안의 나무
20159049,136060.jpg,0.00,136060,핵의 나라 2
20159048,103192.jpg,8.00,103192,사라진 시간
20159047,139127.jpg,8.50,139127,해드윈의 선택
20159046,135214.jpg,10.00,135214,프릭 아웃
20159045,131392.jpg,0.00,131392,구름 위에서
20159041,92014.jpg,6.64,92014,"사랑해, 리우"
20159027,156691.jpg,6.58,156691,카운트다운
20159026,127448.jpg,10.00,127448,우란신공
20159025,89425.jpg,6.10,89425,라다랜드
20159024,143219.jpg,0.00,143219,목욕탕 그녀와 알바남
20159023,134558.jpg,5.48,134558,피트니스 스캔들
20159022,136700.jpg,9.46,136700,에시오 트롯: 거북아 거북아
20159021,133217.jpg,0.00,133217,설화전설
20159002,145446.jpg,9.45,145446,서태지밴드 콘서트투어 '콰이어트나이트'
20159001,125411.jpg,5.71,125411,라자루스
20158987,145415.jpg,0.00,145415,젊은 과부의 애프터서비스
20158986,145416.jpg,0.00,145416,하숙집 자매: 총각
20158985,145419.jpg,0.00,145419,범해진 소녀들
20158984,94195.jpg,7.64,94195,헌츠맨: 윈터스 워
20158983,143206.jpg,9.30,143206,거울의 문
20158982,145414.jpg,5.69,145414,트릭
20158981,134133.jpg,8.48,134133,하나와 앨리스: 살인사건
20158980,108292.jpg,2.50,108292,자유의 아들들
20158979,103351.jpg,5.58,103351,미래경찰
20158975,94269.jpg,6.10,94269,살인을 부르는 관광객
20158974,137623.jpg,0.00,137623,순전한 간디
20158961,56847.jpg,0.00,56847,또 하나의 교육
20158954,146193.jpg,8.24,146193,연인들
20158951,137620.jpg,8.69,137620,순교
20158950,160848.jpg,0.00,160848,마마
20158949,137619.jpg,8.65,137619,싱 오버 미
20158948,124735.jpg,8.75,124735,더 원더스
20158947,128960.jpg,0.00,128960,트레이시스 오브 샌들우드
20158946,127207.jpg,6.83,127207,옥수수 섬
20158945,103657.jpg,8.14,103657,브루클린
20158944,119651.jpg,6.33,119651,디프렛
20158943,130373.jpg,6.41,130373,다이빙벨: 진실은 침몰하지 않습니다
20158942,133128.jpg,4.87,133128,미궁: 비밀애
20158941,52852.jpg,0.00,52852,벌어진 입
20158925,144399.jpg,4.13,144399,아틸라: 매직 스워드
20158924,143216.jpg,5.00,143216,드래곤 파이터 2015
20158923,145636.jpg,6.17,145636,배트맨 v 슈퍼맨: 섹시히어로즈의 탄생
20158922,141406.jpg,5.31,141406,블랙홀
20158921,138205.jpg,4.67,138205,몸으로 갚을께
20158911,145381.jpg,7.04,145381,개인교수: 심화학습
20158910,145380.jpg,7.05,145380,하숙집 2
20158909,135015.jpg,7.53,135015,미스트리스 아메리카
20158907,150903.jpg,0.00,150903,자물쇠 따는 방법
20158905,131579.jpg,8.04,131579,버스 657
20158904,143215.jpg,8.26,143215,감금의 시간
20158890,139866.jpg,8.20,139866,다윈으로 가는 마지막 택시
20158889,139488.jpg,8.66,139488,마카담 스토리
20158888,135694.jpg,8.07,135694,45년 후
20158887,140811.jpg,8.78,140811,너는 착한 아이
20158589,81250.jpg,10.00,81250,헤드라인
20158587,144583.jpg,0.00,144583,창밖의 풍경
20158586,139534.jpg,1.00,139534,선미
20158584,112093.jpg,0.00,112093,자승자박
20158583,144581.jpg,10.00,144581,로프공의 밤
20158582,154359.jpg,0.00,154359,더 타겟
20158578,125708.jpg,6.92,125708,나침반
20158577,143394.jpg,9.53,143394,탈출
20158574,119410.jpg,7.88,119410,챔피언
20158570,118953.jpg,8.34,118953,거울
20158568,163298.jpg,0.00,163298,다카포
20158561,127364.jpg,7.51,127364,기생수 파트2
20158559,97177.jpg,10.00,97177,성장통
20158556,141638.jpg,0.00,141638,아름다운 인생
20158555,140557.jpg,8.04,140557,내 이름은
20158554,152267.jpg,10.00,152267,고백
20158552,160540.jpg,0.00,160540,The Time
20158551,127759.jpg,0.00,127759,태양소년과 이슬소녀
20158550,144543.jpg,0.00,144543,사진관
20158549,127761.jpg,0.00,127761,블루 아이즈 - 항구이야기
20158547,110633.jpg,6.80,110633,표식
20158546,115094.jpg,10.00,115094,죽음의 무도
20158545,127742.jpg,0.00,127742,키네팍투라
20158544,108900.jpg,0.00,108900,건널목 지기
20158543,127743.jpg,0.00,127743,종이 상자
20153587,155023.jpg,0.00,155023,곰
20153586,134745.jpg,5.86,134745,저스티스 리그 : 아틀란티스의 왕좌
20153585,161323.jpg,9.14,161323,오즈의 마법사
20153584,120156.jpg,8.45,120156,스트레인지 매직
20153583,118344.jpg,7.89,118344,블랙 씨
20153581,47292.jpg,8.81,47292,도라에몽 : 노비타와 녹색의 거인전
20153578,138231.jpg,0.00,138231,엘리엇의 여름
20153577,113955.jpg,7.65,113955,어플릭티드
20153576,138314.jpg,5.71,138314,더 마린 4
20153575,105569.jpg,9.00,105569,뉴 오더
20153574,140830.jpg,0.00,140830,갈 곳 없는
20153573,129815.jpg,9.50,129815,괴짜상담사
20153572,136166.jpg,0.00,136166,네나
20153571,137958.jpg,7.48,137958,세상의 끝
20153570,129814.jpg,0.00,129814,코르보
20153569,149747.jpg,9.75,149747,서클
20153568,131155.jpg,0.00,131155,황금바지를 입은 소년
20153567,133778.jpg,0.00,133778,빈자리
20153566,136145.jpg,0.00,136145,14살의 첫사랑
20153565,136201.jpg,7.72,136201,유아 어글리 투
20153564,135742.jpg,0.00,135742,거미줄로 덮인 집
20153563,142119.jpg,10.00,142119,샤나-늑대의 음악
20153562,129047.jpg,6.82,129047,몰리 문의 놀라운 최면술 책
20153560,142123.jpg,0.00,142123,리틀 갱스터
20153555,142122.jpg,0.00,142122,유괴 - 보의 스릴 넘치는 여름방학
20153554,133053.jpg,9.29,133053,소녀들의 반란
20153547,131162.jpg,0.00,131162,멋진 아인 울지 않아
20153545,130599.jpg,0.00,130599,스피드 워킹
20153534,132170.jpg,0.00,132170,내 이름을 불러줘
20153532,142121.jpg,0.00,142121,잭의 소망
20153531,142135.jpg,0.00,142135,무료입장
20153530,136159.jpg,0.00,136159,골든킹덤
20153529,120745.jpg,6.79,120745,미니의 19금 일기
20153528,135028.jpg,1.00,135028,게임메이커
20153527,140706.jpg,0.00,140706,에바와 레온
20153526,155058.jpg,0.00,155058,알버트
20153525,103774.jpg,5.13,103774,마녀 배달부 키키
20153524,141412.jpg,0.00,141412,이복자매-언니애인과의 황홀한 정사
20153523,41149.jpg,5.00,41149,숀벤 라이더
20153522,130956.jpg,8.09,130956,어바웃 리키
20153521,98904.jpg,7.92,98904,이민자
20153517,132546.jpg,8.50,132546,"힙합어르신, 라스베이거스에 가다"
20153516,132529.jpg,9.80,132529,월스트리트의 예언자
20153515,142502.jpg,8.33,142502,스위스 비밀계좌를 팝니다
20153514,151791.jpg,5.99,151791,드론
20153513,128697.jpg,0.00,128697,터키 시네마: 리메이크에서 포르노까지
20153512,134596.jpg,8.00,134596,다퉁(大同) 개발 프로젝트
20153511,132532.jpg,6.00,132532,다시 태어나도 사랑하겠습니다
20153510,137131.jpg,9.43,137131,지금이라는 이름의 선물
20153508,142417.jpg,0.00,142417,성형은 요리다
20153507,142416.jpg,0.00,142416,백만 걸음
20153506,132244.jpg,10.00,132244,이 티셔츠를 어떡하지?
20153505,139322.jpg,9.00,139322,우리는 왜 거짓말을 하는가?
20153504,162425.jpg,10.00,162425,무게
20153503,129069.jpg,8.67,129069,시티즌포
20153502,98277.jpg,6.00,98277,런 테이큰
20153501,132549.jpg,9.00,132549,시속 60km
20153500,132254.jpg,9.75,132254,세상을 구한 남자
20153499,129840.jpg,10.00,129840,이라크 오디세이
20153497,142415.jpg,0.00,142415,나미비아 독일 식민 건축에 대한 소묘
20153496,119638.jpg,9.00,119638,13번째 티라노사우루스
20153495,142413.jpg,0.00,142413,유용한 모든 것
20153494,142414.jpg,0.00,142414,보안 조치
20153492,142623.jpg,9.25,142623,홀로코스트의 아이들
20153491,132552.jpg,7.00,132552,장 프랑수아의 낡은 세탁소
20153490,123738.jpg,0.00,123738,서브스탄츠
20153488,151464.jpg,0.00,151464,툭툭
20153487,132434.jpg,10.00,132434,수메 - 혁명의 사운드
20153486,138744.jpg,7.50,138744,쿠바의 세 발레리나
20153485,139401.jpg,9.00,139401,티 타임
20153484,132541.jpg,6.00,132541,어느 의대생의 죽음
20153483,132253.jpg,7.00,132253,침팬지 콤플렉스
20153482,137360.jpg,8.50,137360,피터의 상상초월 작업실
20153481,132274.jpg,9.33,132274,아고라 : 민주주의에서 시장으로
20153473,142411.jpg,0.00,142411,어느 관광엽서의 일생
20153472,141427.jpg,0.00,141427,애인교환섹스
20153470,134685.jpg,8.38,134685,극장판 도라에몽 : 진구의 우주영웅기~스페이스 히어로즈~
20153469,120920.jpg,0.00,120920,앤도
20153468,162048.jpg,0.00,162048,헤어
20153467,130203.jpg,6.68,130203,미스 히스테리
20153466,130641.jpg,0.00,130641,로봇을 위한 레퀴엠
20153465,132402.jpg,0.00,132402,란탄 계열
20153464,113086.jpg,0.00,113086,어글리 원
20153463,86192.jpg,10.00,86192,스토리 오브 루크
20153462,141428.jpg,0.00,141428,직장 여선배와의 맛있는 섹스
20153450,134891.jpg,9.30,134891,우리들
20153449,137653.jpg,6.00,137653,우기
20153448,137649.jpg,0.00,137649,워킹플롯
20153447,107962.jpg,9.85,107962,바람 바람 바람
20153446,85590.jpg,9.56,85590,너의 결혼식
20153445,129318.jpg,0.00,129318,온 보드
20153444,162863.jpg,0.00,162863,럭키
20153443,44913.jpg,6.26,44913,아수라
20153441,137648.jpg,10.00,137648,제발
20153422,101228.jpg,6.94,101228,제 7기사단
20153421,102781.jpg,8.43,102781,"그 놈, 그녀를 만나다"
20153401,157033.jpg,7.64,157033,파파좀비
20153385,122469.jpg,7.89,122469,히트맨: 에이전트 47
20153384,141468.jpg,8.00,141468,그녀가 그녀를 사랑할 때
20153383,140198.jpg,5.39,140198,아이언걸2 - 얼티메이트 웨폰
20153382,141467.jpg,0.00,141467,몸의 반응 -노예
20153381,141476.jpg,0.00,141476,불륜의 오피스걸-유이
20153363,140127.jpg,5.43,140127,신화: 고대 왕국의 비밀
20153361,158688.jpg,0.00,158688,라 트라비아타
20153342,141941.jpg,0.00,141941,예~ 소년어사 출두요!
20153341,141937.jpg,10.00,141937,피노 : 꿀벌의 노래
20153327,142520.jpg,9.00,142520,블루스 이야기
20153326,142519.jpg,0.00,142519,추억가게
20153325,142518.jpg,0.00,142518,Walking 26
20153324,142517.jpg,0.00,142517,Just Spit It !
20153323,142516.jpg,10.00,142516,우아한 밤
20153322,161037.jpg,0.00,161037,크레센도
20153321,152735.jpg,0.00,152735,연습생
20153318,150148.jpg,9.00,150148,즐거운 나의 집
20153316,136035.jpg,9.16,136035,블랙가스펠2: 소울을 찾는 여정가운데 만난 사람들
20153315,142512.jpg,9.00,142512,노래로 말하는 사람들
20153314,142511.jpg,8.00,142511,열일곱살의 버킷 리스트
20153313,141959.jpg,8.63,141959,이바라키의 여름
20153312,161333.jpg,1.00,161333,가정교사의 맛있는 수업
20153311,141418.jpg,9.31,141418,기적의 피아노
20153310,141479.jpg,0.00,141479,여의사의 맛있는 진료
20153309,133487.jpg,0.00,133487,데인저러스
20153307,127372.jpg,8.08,127372,어떤이의 꿈
20153306,29991.jpg,9.33,29991,나우 보이저
20153304,122985.jpg,10.00,122985,너의 손을 잡고 싶어
20153303,140795.jpg,8.21,140795,다방의 푸른 꿈
20153285,129031.jpg,5.40,129031,히트맨 인 런던
20153284,135889.jpg,6.24,135889,솔로몬의 위증 후편: 재판
20153283,135888.jpg,6.22,135888,솔로몬의 위증 전편: 사건
20153282,133402.jpg,9.03,133402,피케이: 별에서 온 얼간이
20153261,141498.jpg,2.59,141498,폭풍정사
20153241,157842.jpg,0.00,157842,헌트
20153221,140129.jpg,5.50,140129,닌자헌터-사냥의 시작
20153202,124262.jpg,5.98,124262,스파이 서바이버
20153201,130978.jpg,6.55,130978,트랜스포터: 리퓰드
20153199,115636.jpg,6.33,115636,스킨 트레이드
20153197,124767.jpg,0.00,124767,히모카와 랩소디
20153196,149645.jpg,7.86,149645,"안녕, 안녕, 안녕"
20153195,132033.jpg,0.00,132033,캔과 술로찬
20153193,142463.jpg,0.00,142463,아무도 모른다
20153191,142462.jpg,0.00,142462,꽃보다 아름다운 그 이름
20153189,142456.jpg,0.00,142456,계산은 나의 것
20153187,150531.jpg,0.00,150531,불꽃놀이
20153186,151204.jpg,0.00,151204,목장
20153184,142459.jpg,9.22,142459,은하비디오
20153183,103699.jpg,6.60,103699,한여름 밤의 유혹
20153182,136878.jpg,7.16,136878,썸니아
20153181,135008.jpg,4.69,135008,가위 : 수면마비의 기억
20153165,155404.jpg,0.00,155404,동거동락
20153163,142457.jpg,7.00,142457,수지 오브라이언
20153162,137651.jpg,8.00,137651,고대전사 맘모스맨
20153141,140128.jpg,4.18,140128,2047: 지구 최후의 날
20153121,110415.jpg,6.00,110415,아웃포스트: 불멸의 나치부대
20153106,141395.jpg,9.20,141395,그녀의 전설
20153105,141484.jpg,0.00,141484,불륜여행 - 몸을 포개며
20153102,155571.jpg,10.00,155571,파테르
20153101,141751.jpg,0.00,141751,두 번 벗은 형수님
20153090,141485.jpg,0.00,141485,강한걸 좋아하는 유부녀
20153089,140102.jpg,0.00,140102,농염한 유부녀의 손가락
20153088,140120.jpg,0.00,140120,가정교사의 질투
20153087,122473.jpg,7.52,122473,포인트 브레이크
20153086,140114.jpg,0.00,140114,마사지사의 유혹 - 손놀림
20153085,147856.jpg,0.00,147856,캠핑
20153084,140806.jpg,8.81,140806,사랑은 없다
20153083,81967.jpg,8.53,81967,사우스포
20153082,98950.jpg,0.00,98950,스트리퍼-육체의 향연
20153081,141752.jpg,0.00,141752,죽어도 좋아-유부녀
20153080,140115.jpg,0.00,140115,과부의 성
20153079,141500.jpg,0.00,141500,그놈이 남긴 흔적-육정
20153078,140121.jpg,0.00,140121,오늘밤은 녹여줄께-불륜
20153077,150300.jpg,0.00,150300,천국
20153076,141749.jpg,0.00,141749,불륜 : 친구의 아내를 탐하다
20153074,141750.jpg,0.00,141750,그녀의 젖은 속옷 : 위에서 해줄래?
20153072,142034.jpg,0.00,142034,필름맨
20153068,142001.jpg,8.00,142001,맨느 오세앙
20153066,39056.jpg,8.50,39056,혁명 전야
20153065,142002.jpg,6.00,142002,아르센 뤼팽의 모험
20153064,132933.jpg,8.42,132933,판도라
20153063,19514.jpg,0.00,19514,내가 어디로 가고 있는지 안다
20153062,154638.jpg,0.00,154638,바퀴
20153039,140895.jpg,8.53,140895,러브 라이브! 더 스쿨 아이돌 무비
20153038,140107.jpg,0.00,140107,치한열차 2015
20153037,114140.jpg,6.47,114140,라이즈 오브 더 레전드: 황비홍
20153035,130417.jpg,8.09,130417,바르샤바 1944
20153034,78348.jpg,10.00,78348,처녀 염소
20153033,79303.jpg,8.75,79303,써드 스타
20153032,128485.jpg,8.40,128485,러브 아일랜드
20153031,119134.jpg,5.45,119134,"서툴지만, 사랑"
20153030,128484.jpg,9.50,128484,투어드포스 : 기적의 여정
20153029,130092.jpg,0.00,130092,번식기
20153028,130121.jpg,0.00,130121,잘랄 이야기
20153027,118349.jpg,4.67,118349,범죄의 제국
20153026,109969.jpg,8.14,109969,캠프 엑스레이
20153025,115296.jpg,8.79,115296,대니 콜린스
20153024,137291.jpg,7.14,137291,JSA 남북공동초등학교
20153023,83893.jpg,9.23,83893,왕과 나
20153022,142010.jpg,7.85,142010,더 매직: 리틀톰과 도둑공주
20153021,161660.jpg,0.00,161660,더 컨페션
20153001,132144.jpg,6.21,132144,리디머: 최후의 심판자
20152981,146332.jpg,0.00,146332,원령
20152965,141753.jpg,0.00,141753,속옷을 찢고-미망인 정사
20152964,118985.jpg,7.44,118985,더 포저
20152963,126032.jpg,7.04,126032,수어사이드 스쿼드
20152961,114251.jpg,7.30,114251,섹스 러브 앤 테라피
20152941,68721.jpg,2.00,68721,제외될 수 없는
20152922,156114.jpg,9.82,156114,하루
20152921,108252.jpg,5.36,108252,컨스테이블
20152901,142294.jpg,5.50,142294,신의 전쟁
20152871,129333.jpg,8.39,129333,스파이 브릿지
20152870,140109.jpg,8.24,140109,에스엠타운 더 스테이지
20152869,137973.jpg,6.86,137973,갤로우즈
20152868,80886.jpg,7.53,80886,프롬 프라다 투 나다
20152866,117802.jpg,6.93,117802,아메리칸 울트라
20152865,141497.jpg,4.53,141497,쥬라기 헌터
20152864,141494.jpg,0.00,141494,여의사의 유출본 - 얼굴
20152863,140101.jpg,0.00,140101,화려한 사쿠라 - 육체
20152862,147979.jpg,0.00,147979,열
20152861,140103.jpg,9.33,140103,야한 동거 체험 - 키스 5초 전
20152841,141486.jpg,0.00,141486,"여형사:강간,사랑 그리고 맛있는 섹스"
20152821,127049.jpg,8.38,127049,데싸우 댄서스
20152809,120121.jpg,7.95,120121,더스트 오브 워
20152808,123279.jpg,5.33,123279,필드 오브 로스트 슈즈
20152807,140159.jpg,7.77,140159,수호지-무림호걸 이운
20152806,133065.jpg,9.00,133065,수호지-천하제패 선찬
20152805,133079.jpg,8.80,133079,수호지-최강무적 탕륭
20152803,133066.jpg,8.83,133066,수호지-천하대영웅 손신
20152802,132142.jpg,7.10,132142,홀스헤드
20152801,140668.jpg,7.23,140668,원 와일드 모먼트
20152782,140718.jpg,7.30,140718,"날, 보러와요"
20152781,109960.jpg,6.88,109960,배트맨 대 슈퍼맨: 저스티스의 시작
20152762,124737.jpg,7.76,124737,블루 룸
20152761,139706.jpg,8.82,139706,문워커스
20152746,141490.jpg,5.79,141490,커터
20152745,90591.jpg,8.12,90591,맨 프롬 UNCLE
20152744,160935.jpg,0.00,160935,리와인드
20152723,113373.jpg,7.80,113373,쿄코와 슈이치의 경우
20152722,86838.jpg,7.20,86838,기묘한 사랑
20152721,104009.jpg,6.70,104009,흉폭
20152703,112451.jpg,10.00,112451,트루 블러드
20152702,141370.jpg,6.25,141370,저스트 원나잇
20152683,141493.jpg,8.00,141493,비서실 여직원들과의 교환섹스
20152682,108204.jpg,4.83,108204,악마의 게임
20152681,103242.jpg,3.26,103242,도자기 인형
20157081,89486.jpg,0.00,89486,비욘드 더 포레스트
20157065,154419.jpg,8.00,154419,맥베스
20157064,144352.jpg,5.22,144352,커튼콜
20157063,144434.jpg,0.00,144434,섹스천국 일본
20157062,140280.jpg,4.21,140280,클로즈 레인지
20157061,162751.jpg,7.75,162751,하숙집
20157042,143245.jpg,7.15,143245,셜록: 유령신부
20157041,118903.jpg,7.83,118903,런 올 나이트
20157035,144596.jpg,0.00,144596,소크
20157034,129950.jpg,0.00,129950,훈계
20157032,128671.jpg,0.00,128671,5월 이야기
20157028,144594.jpg,0.00,144594,저 벽 너머
20157027,144593.jpg,0.00,144593,에그플랜트
20157026,143467.jpg,0.00,143467,사용설명서
20157025,122293.jpg,0.00,122293,블러드 브라더스
20157024,132621.jpg,8.26,132621,"실론, 세렌디피티"
20157023,130122.jpg,8.38,130122,모두의 천사 가디
20157022,122652.jpg,6.08,122652,더 커널
20157021,114593.jpg,8.18,114593,"땡큐, 대디"
20157006,149710.jpg,0.00,149710,연두장화
20156978,96781.jpg,7.50,96781,더 위 앤 더 아이
20156977,137714.jpg,0.00,137714,위자
20156976,95874.jpg,6.35,95874,플래닛 바이러스
20156974,135408.jpg,9.00,135408,킬러본색: 블랙페이스
20156973,130336.jpg,8.06,130336,당신의 세상은 지금 몇 시?
20156972,113034.jpg,5.33,113034,더 스트레인지 컬러
20156971,140557.jpg,8.04,140557,내 이름은...
20156970,158564.jpg,7.00,158564,심야식당
20156969,114262.jpg,5.71,114262,스트레인저랜드
20156968,144381.jpg,0.00,144381,뱀파이어
20156967,103339.jpg,10.00,103339,투 라이프
20156674,102398.jpg,3.50,102398,정사2015
20156673,141424.jpg,10.00,141424,밀애 : 과외선생님과의 비밀 정사
20156672,144431.jpg,10.00,144431,스타일 워
20156671,67847.jpg,8.58,67847,프리스타일-라임의 예술
20156670,159767.jpg,0.00,159767,위드
20156669,145640.jpg,0.00,145640,도프
20156668,136321.jpg,5.25,136321,살인게임 무삭제판
20156667,135601.jpg,5.50,135601,탄트라 섹스 무삭제판
20156666,135602.jpg,0.00,135602,관능소설 -포르노그라피아 무삭제판
20156664,135615.jpg,8.75,135615,옥보단-음행합궁비사
20156663,102999.jpg,7.75,102999,섹슈얼 어드벤쳐
20156662,15730.jpg,8.00,15730,성항기병2
20156661,98464.jpg,4.10,98464,활: 사막의 제왕
20156651,154240.jpg,0.00,154240,디어리스트
20156650,143250.jpg,8.90,143250,몽키킹: 영웅의 귀환
20156649,128597.jpg,8.00,128597,틈입자
20156648,121366.jpg,6.96,121366,백일염화
20156646,119501.jpg,8.80,119501,20세여 다시 한 번
20156636,144430.jpg,6.57,144430,칸 국제광고제 서울페스티벌 2부 - 30초로 못 다하는 스토리 34편
20156635,144429.jpg,8.50,144429,칸 국제광고제 서울페스티벌 1부 - 30초의 스토리 77편
20156634,145502.jpg,0.00,145502,39번 환자
20156633,107962.jpg,9.85,107962,바람
20156632,140133.jpg,0.00,140133,끝까지 간다
20156631,145505.jpg,0.00,145505,비밀과 거짓말
20156630,155761.jpg,10.00,155761,사랑하기에
20156629,137260.jpg,5.36,137260,더 크로니클: 뮤턴트의 반격
20156628,136996.jpg,7.65,136996,파풍: 스피드 매치
20156627,130314.jpg,0.00,130314,스테이어
20156626,130309.jpg,0.00,130309,문스트럭
20156625,130308.jpg,0.00,130308,세상을 구하라
20156624,130310.jpg,0.00,130310,다니엘과 쥐
20156623,116449.jpg,0.00,116449,자연의 소리
20156622,131082.jpg,8.00,131082,수집가들
20156621,88537.jpg,0.00,88537,연보라빛 새
20156620,130305.jpg,0.00,130305,아름다운 것도 잠시
20156619,130306.jpg,0.00,130306,바하의 고요
20156618,152663.jpg,9.75,152663,스틸
20156617,130307.jpg,0.00,130307,섀도우 크로스
20156616,104727.jpg,0.00,104727,놀 킹 루터
20156615,98890.jpg,0.00,98890,즐거운 자전거 하이킹
20156614,130303.jpg,0.00,130303,편안한 위로
20156613,130302.jpg,0.00,130302,사우스 인 노스
20156612,130301.jpg,0.00,130301,더 그랜드 투어
20156611,150521.jpg,0.00,150521,사이클
20156610,130300.jpg,0.00,130300,브레이크 어드벤처
20156609,130304.jpg,0.00,130304,댄스 잇 어웨이
20156608,153365.jpg,0.00,153365,스피라
20156607,113920.jpg,0.00,113920,위 원티드 모어
20156606,130295.jpg,0.00,130295,불리미아 퓨어푸라
20156604,161881.jpg,0.00,161881,루나
20156603,156185.jpg,10.00,156185,게임
20156602,130297.jpg,0.00,130297,곯은 상처
20156584,145507.jpg,0.00,145507,사귈래 죽을래 어디든 지옥
20156582,129407.jpg,10.00,129407,정적
20156570,111990.jpg,7.11,111990,크림슨 피크
20156569,145508.jpg,0.00,145508,오가사바라
20156568,145509.jpg,0.00,145509,반하게 될 거야
20156566,145510.jpg,0.00,145510,코브라트위스트
20156565,130251.jpg,0.00,130251,킨츄기
20156564,130966.jpg,8.02,130966,부산행
20156563,130247.jpg,0.00,130247,발레 스파이럴
20156562,130713.jpg,5.94,130713,루시드 드림
20156561,88227.jpg,9.39,88227,프로젝트 2
20156560,125738.jpg,0.00,125738,부화되다
20156559,132998.jpg,8.75,132998,계춘할망
20156557,124201.jpg,8.48,124201,탐정 : 더 비기닝
20156556,130244.jpg,0.00,130244,춤추는 브뤼셀
20156553,118966.jpg,9.45,118966,비밀
20156546,143716.jpg,0.00,143716,만년설
20156545,145511.jpg,8.08,145511,락 아웃
20156535,140431.jpg,8.67,140431,고치
20156533,138590.jpg,8.67,138590,토끼의 뿔
20156531,140426.jpg,9.50,140426,"1+1, 원 플러스 원"
20156530,140412.jpg,10.00,140412,열대야
20156529,140408.jpg,0.00,140408,면허시험
20156528,140438.jpg,7.25,140438,기음
20156527,144443.jpg,0.00,144443,비밀둥지
20156526,144595.jpg,10.00,144595,캐치볼
20156525,162091.jpg,0.00,162091,아들
20156524,154112.jpg,8.02,154112,불한당들
20156523,138582.jpg,10.00,138582,아아아
20156522,140435.jpg,8.39,140435,초능력자
20156521,138586.jpg,9.50,138586,열정의 끝
20156518,143261.jpg,0.00,143261,글래머 여선생의 야한 수업
20156517,143268.jpg,1.00,143268,가정교사의 위험한 방문
20156514,145075.jpg,0.00,145075,맨발
20156513,145076.jpg,0.00,145076,솔레메이트
20156512,145077.jpg,0.00,145077,여우 꼬리
20156511,145078.jpg,0.00,145078,최전선 뒤에서
20156510,145079.jpg,0.00,145079,망치가 있을 때
20156509,145080.jpg,0.00,145080,작은 문
20156508,145081.jpg,0.00,145081,돌진
20156507,145082.jpg,0.00,145082,쓰레기의 아름다움
20156506,145083.jpg,0.00,145083,슈퍼마켓
20156505,145084.jpg,0.00,145084,슬랩킥 비긴스
20156504,145085.jpg,0.00,145085,네오 포스티즘
20156503,145086.jpg,0.00,145086,다른 눈으로
20156502,51882.jpg,6.05,51882,킹 오브 파이터
20156501,135614.jpg,3.00,135614,임신하고 싶은 새댁의 음란한 정사
20156966,151259.jpg,4.00,151259,내 남자
20156964,121370.jpg,7.76,121370,사라짐의 순서
20156963,155060.jpg,0.00,155060,아리아
20156962,115719.jpg,7.26,115719,맹글혼
20156961,118397.jpg,7.30,118397,더 홈즈맨
20156945,143249.jpg,0.00,143249,터키탕:섹시한 알바생
20156944,140726.jpg,4.48,140726,스카이아크: 지구 최후의 날
20156943,136133.jpg,0.00,136133,미스피츠
20156942,81628.jpg,8.20,81628,로렐
20156941,132686.jpg,9.37,132686,낙원추방
20156939,118966.jpg,9.45,118966,비밀
20156938,144115.jpg,0.00,144115,다크 룸
20156937,139557.jpg,0.00,139557,펭귄은 북극에 살지 않는다
20156935,144113.jpg,0.00,144113,소문의 벽
20156934,159767.jpg,0.00,159767,오픈
20156933,144110.jpg,0.00,144110,어떤 질투
20156929,137604.jpg,9.00,137604,소란
20156926,138758.jpg,0.00,138758,나를 위한다고 말하지마
20156925,125446.jpg,7.21,125446,재키 앤 라이언
20156924,152331.jpg,8.01,152331,보통사람
20156922,144362.jpg,10.00,144362,나는 소리를 본다
20156921,133281.jpg,5.89,133281,익스트랙션 데이
20156907,119472.jpg,9.75,119472,엘사 앤 프레드
20156906,136029.jpg,0.00,136029,화끈하게 주는 젊은 애인
20156905,130847.jpg,8.27,130847,"오 브라더, 오 시스터!"
20156904,127858.jpg,8.84,127858,추억의 마니
20156903,94130.jpg,5.00,94130,정복자 1453
20156902,102862.jpg,6.39,102862,와일드 카드
20156899,89375.jpg,5.43,89375,댐999: 거대한 물폭탄
20156896,130320.jpg,8.20,130320,바이크 레이디
20156895,153642.jpg,9.56,153642,목격자
20156894,129053.jpg,8.75,129053,초록이와 스토커 아저씨
20156893,98402.jpg,5.50,98402,"놈놈놈:주자, 희자, 비자"
20156890,152056.jpg,0.00,152056,그린 라이트
20156886,162151.jpg,10.00,162151,씨앗
20156885,143945.jpg,0.00,143945,국경 없는 휴머니티
20156883,141675.jpg,9.04,141675,탄생
20156864,144243.jpg,0.00,144243,승객
20156863,144239.jpg,0.00,144239,범블비
20156862,144111.jpg,0.00,144111,아직 끝나지 않았다
20156861,152435.jpg,9.44,152435,위대한 유산
20156846,113138.jpg,9.20,113138,이스턴 보이즈
20156845,144116.jpg,7.00,144116,풀보이
20156844,125045.jpg,0.00,125045,헬리콥터 맘
20156843,131981.jpg,0.00,131981,리미티드 파트너십
20156842,103699.jpg,6.60,103699,한 여름밤
20156841,146938.jpg,6.58,146938,신데렐라
20156828,130369.jpg,10.00,130369,후쿠시마에서 부르는 자장가
20156826,136152.jpg,0.00,136152,세상에서 가장 큰 집
20156825,160778.jpg,0.00,160778,브로
20156823,143297.jpg,0.00,143297,핑크무비컬렉션-수치심
20156822,133388.jpg,4.19,133388,야반소두
20156821,129128.jpg,5.47,129128,이그지스트
20156808,137264.jpg,5.40,137264,헤이라이드: 죽음의 마을
20156807,143253.jpg,8.80,143253,뽀로로 극장판 컴퓨터 왕국 대모험
20156806,142461.jpg,0.00,142461,그들 각자의 영화판
20156805,146481.jpg,7.18,146481,Black & white
20156796,119297.jpg,6.50,119297,이별에 대처하는 자세
20156795,136128.jpg,10.00,136128,체커게임에서 이기는 방법
20156791,143944.jpg,0.00,143944,남자가 사랑할 때
20156785,124794.jpg,0.00,124794,앞으로 행진!
20156782,148996.jpg,9.77,148996,친구들
20156781,109724.jpg,0.00,109724,5 미터 80
20156765,144114.jpg,7.88,144114,아빠는 나의 여신
20156764,149747.jpg,9.75,149747,서클
20156763,143265.jpg,7.06,143265,수상한 미용실
20156762,25725.jpg,5.50,25725,코만체로스
20156761,135960.jpg,0.00,135960,다락방의 비밀 무삭제판
20156760,135702.jpg,9.00,135702,멕시코의 에이젠슈타인
20156759,134906.jpg,7.30,134906,탠저린
20156758,138558.jpg,0.00,138558,트루 러브
20156757,136127.jpg,0.00,136127,뉴맨
20156756,152193.jpg,0.00,152193,프라이드
20156755,143270.jpg,8.09,143270,마농
20156754,130585.jpg,8.29,130585,사일런트 하트
20156752,130315.jpg,0.00,130315,평범한 옷
20156751,155761.jpg,10.00,155761,사랑 사랑
20156750,130317.jpg,0.00,130317,나에게 필요한 남자
20156749,104426.jpg,7.34,104426,19곰 테드 2
20156748,128258.jpg,7.35,128258,열정같은소리하고있네
20156747,135957.jpg,2.90,135957,비밀: 아내의 남자
20156746,121841.jpg,8.47,121841,일분만 더
20156731,110395.jpg,9.20,110395,마이 럭키 스타
20156730,128943.jpg,5.95,128943,해피 해피 와이너리
20156729,126950.jpg,5.16,126950,사랑한다고 말해 : 키스하고 싶어질 땐
20156728,130318.jpg,0.00,130318,후미진 영화관
20156727,110570.jpg,0.00,110570,안녕 만디마
20156726,118953.jpg,8.34,118953,거울
20156725,156311.jpg,0.00,156311,스티키
20156723,130312.jpg,0.00,130312,열정덩어리
20156722,130313.jpg,0.00,130313,자기장
20156721,113735.jpg,0.00,113735,하기는 어려워도 그만두기는 쉽다
20156709,143264.jpg,4.71,143264,맛있는 비행
20156708,127346.jpg,9.32,127346,석조저택 살인사건
20156707,91190.jpg,7.59,91190,하우 아이 리브: 내가 사는 이유
20156706,109144.jpg,7.02,109144,인히어런트 바이스
20156704,125443.jpg,5.89,125443,드래곤 블레이드
20156700,130379.jpg,8.00,130379,메트로폴리스의 탄생
20156699,132288.jpg,8.00,132288,더블 해피니스 : 복제된 도시
20156698,144712.jpg,7.50,144712,콘크리트 스토리 : 조립식 건축의 역사
20156697,144711.jpg,0.00,144711,케이프코드 해변의 바우하우스
20156696,144710.jpg,5.00,144710,미스 반 데어 로에의 투겐타트 하우스
20156695,144709.jpg,7.00,144709,뉴욕스테이트파빌리온의 부활
20156694,144708.jpg,8.00,144708,"프레데릭 로 옴스테드, 미국을 디자인하다"
20156693,144707.jpg,0.00,144707,아일린 그레이 : E-1027의 비밀
20156691,144706.jpg,0.00,144706,"아르헨티나 건축의 거장, 아만시오 윌리암스"
20156690,129435.jpg,0.00,129435,사그라다 파밀리아 : 가우디의 유산
20156689,144705.jpg,10.00,144705,"비야누에바, 악마라 불린 천재"
20156688,131232.jpg,0.00,131232,마틴 반 세브렌의 무한한 세계
20156687,138797.jpg,8.33,138797,뵘 가문의 건축과 함께하는 삶
20156682,144477.jpg,0.00,144477,조선농역사
20156681,135381.jpg,7.80,135381,친절한 가정부
20156500,145087.jpg,0.00,145087,평화로운 아이들
20156498,145791.jpg,9.03,145791,독도의 영웅들
20156497,145495.jpg,0.00,145495,펀칭 프루트
20156495,27844.jpg,9.00,27844,최후의 총잡이
20156494,58487.jpg,6.00,58487,마디간
20156493,150222.jpg,0.00,150222,라인업
20156491,13466.jpg,8.50,13466,신체 강탈자의 침입
20156490,131622.jpg,0.00,131622,위기의 유부녀들 5- 남편의 정체
20156489,135350.jpg,1.00,135350,찬란한 동거생활-상속남과 유부녀
20156488,134903.jpg,0.00,134903,문열어! 요시미짱
20156487,134905.jpg,0.00,134905,오늘밤 어때? 쾌락병동
20156486,134904.jpg,0.00,134904,아내는 음란한 꽃
20156485,135351.jpg,0.00,135351,찬란한 동거생활2-마성의 여자들
20156465,150910.jpg,0.00,150910,기념일
20156463,155761.jpg,10.00,155761,엄마
20156462,149506.jpg,9.06,149506,달리기
20156461,119501.jpg,8.80,119501,20세여 다시 한 번
20156451,105783.jpg,8.86,105783,나의 나무
20156449,162177.jpg,0.00,162177,아프리카
20156448,129094.jpg,9.62,129094,베이비
20156446,145499.jpg,0.00,145499,카렌더 걸스
20156445,145500.jpg,0.00,145500,사랑은 나중에 온다
20156444,145501.jpg,0.00,145501,레드 카드
20156443,139479.jpg,10.00,139479,마지막 시는 아직 쓰여지지 않았다
20156442,143266.jpg,5.67,143266,아메리칸 에스코트걸
20156441,132989.jpg,7.56,132989,최강전사 미니특공대 : 새로운 악당의 습격
20156424,101000.jpg,7.62,101000,줄루 범죄도시
20156423,144558.jpg,0.00,144558,엄마는 나의 분신
20156422,121563.jpg,9.50,121563,그의 시선
20156421,111623.jpg,7.89,111623,온 더 잡
20156405,152601.jpg,1.00,152601,그녀의 섹스 테크닉
20156404,133280.jpg,6.40,133280,배틀 오브 스페이스: 우주전쟁
20156403,135331.jpg,4.17,135331,떡국열차의 비밀애
20156402,116254.jpg,7.74,116254,채피
20156392,23801.jpg,10.00,23801,흑맥
20156391,146530.jpg,8.06,146530,시장
20156390,139868.jpg,6.44,139868,데스가즘
20156388,96067.jpg,0.00,96067,협박자
20156386,33517.jpg,0.00,33517,돌아보지 마라
20156385,121081.jpg,7.93,121081,낫 마이 데이
20156383,51055.jpg,7.68,51055,아더와 미니모이 3: 두 세계의 전쟁
20156382,21438.jpg,10.00,21438,살아있는 그날까지
20156381,117012.jpg,5.00,117012,슈퍼내츄럴 액티비티
20156363,83945.jpg,9.22,83945,토요근무
20156361,93795.jpg,6.36,93795,어거스트 에이트
20156360,158751.jpg,7.00,158751,개구리왕국
20156359,105546.jpg,5.60,105546,첫 경험
20156358,135329.jpg,5.50,135329,러브 모션
20156357,132970.jpg,1.00,132970,수라의 전승
20156356,135332.jpg,6.30,135332,스페이스 둠스데이
20156354,83762.jpg,4.62,83762,소림배구
20156353,140618.jpg,6.94,140618,설지
20156352,113560.jpg,5.85,113560,마지막 위안부
20156351,154920.jpg,0.00,154920,열쇠
20156349,126418.jpg,0.00,126418,돌 둥지
20156348,128043.jpg,0.00,128043,물 공급자
20156347,103111.jpg,0.00,103111,숙녀와 이빨
20156345,135874.jpg,9.27,135874,홈?
20156343,154879.jpg,0.00,154879,기원
20156342,158597.jpg,0.00,158597,에프터
20156341,130199.jpg,0.00,130199,라이트맨
20156324,38026.jpg,4.00,38026,돌아온 여군
20156323,20691.jpg,8.29,20691,마의 계단
20156322,84212.jpg,0.00,84212,검은 머리
20156276,144107.jpg,10.00,144107,옆집 유부녀 - 은밀한 유혹
20156274,132896.jpg,0.00,132896,경주
20156273,130288.jpg,0.00,130288,신의 가호가 있기를
20156272,130287.jpg,0.00,130287,정물화
20156271,130286.jpg,0.00,130286,티간
20156270,130285.jpg,0.00,130285,두 번째 기회
20156269,138928.jpg,0.00,138928,오리
20156268,130283.jpg,0.00,130283,사랑은 움직이는 거야
20156267,130282.jpg,0.00,130282,취급 주의
20156266,119464.jpg,7.84,119464,소시지
20156265,97170.jpg,0.00,97170,듀크 오브 브록스토니아
20156263,130280.jpg,0.00,130280,채용
20156262,130279.jpg,0.00,130279,하강
20156261,130278.jpg,0.00,130278,정육면체
20156252,139723.jpg,6.79,139723,1941: 세바스토폴 상륙작전
20156251,159289.jpg,0.00,159289,나이트라이트
20156250,142822.jpg,8.06,142822,인천상륙작전
20156247,122150.jpg,4.05,122150,Joker
20156245,37347.jpg,4.67,37347,채플린 단편 3
20156244,37346.jpg,7.25,37346,채플린 단편 2
20156243,37958.jpg,5.00,37958,채플린 단편 1
20156242,141499.jpg,2.47,141499,환타스틱 러브짐: 전쟁 같은 사랑
20156241,135342.jpg,8.71,135342,더 라스트: 나루토 더 무비
20156223,143278.jpg,0.00,143278,유부녀:납치감금
20156222,143279.jpg,0.00,143279,농염한 인어공주
20156221,131672.jpg,5.66,131672,신이 말하는 대로
20156207,133457.jpg,8.30,133457,앵그리버드 더 무비
20156206,95326.jpg,6.65,95326,컷뱅크
20156205,152448.jpg,0.00,152448,이별남녀
20156202,118913.jpg,6.45,118913,리펜턴스
20156201,110666.jpg,1.00,110666,릭의 사랑찾기
20156200,131614.jpg,8.00,131614,마스터 해롤드
20156196,140690.jpg,0.00,140690,본 투 레이스
20156195,132312.jpg,0.00,132312,사라진 신부를 찾아라
20156194,100677.jpg,8.17,100677,스플린터드
20156193,75928.jpg,3.67,75928,시티래츠
20156192,129294.jpg,0.00,129294,프레임 워크
20156191,125767.jpg,8.00,125767,아이 어게인스트 아이
20156190,111368.jpg,0.00,111368,에디슨 앤 레오
20156188,114288.jpg,6.50,114288,블랙스톤
20156187,12395.jpg,0.00,12395,온리 더 밸리연트
20156186,63162.jpg,0.00,63162,올드 조이
20156185,19296.jpg,6.48,19296,저주받은 아이들
20156184,119451.jpg,8.70,119451,저지 보이즈
20156183,22885.jpg,0.00,22885,전하 어디로 가시나이까
20156182,13532.jpg,7.44,13532,쳐다보지 마라
20156181,100106.jpg,5.00,100106,13 이어리
20156166,124243.jpg,6.49,124243,나를 미치게 하는 여자
20156165,20405.jpg,10.00,20405,다이알 112를 돌려라
20156164,96811.jpg,4.50,96811,주마등
20156163,139492.jpg,6.07,139492,욕망의 파나마
20156162,143262.jpg,4.60,143262,운명의 힘
20156136,127382.jpg,8.05,127382,해적들의 도시
20156135,135803.jpg,8.00,135803,해피 뉴 이어. 엄마
20156133,13012.jpg,10.00,13012,마지막 우정
20156131,39462.jpg,8.77,39462,제국의 종말
20156130,119184.jpg,5.00,119184,익스트림 피어
20156129,132630.jpg,5.50,132630,더 내니스
20156128,118374.jpg,8.49,118374,로맨틱 레시피
20156127,136300.jpg,0.00,136300,마피아
20156126,90631.jpg,0.00,90631,하얀 여행
20156124,101357.jpg,0.00,101357,탁구공
20156123,72427.jpg,0.00,72427,채워질 수 없는 것들
20156122,132954.jpg,5.38,132954,익스트림 터미네이터
20156121,133378.jpg,0.00,133378,일본범죄사 욕망의 구멍
20156103,143301.jpg,6.80,143301,고스트보트
20156102,132610.jpg,8.76,132610,바닷마을 다이어리
20156101,113983.jpg,8.39,113983,비비안 마이어를 찾아서
20156092,143283.jpg,0.00,143283,황금 육체-정사의 맛
20156091,143284.jpg,0.00,143284,욕정의 훔쳐보기
20156090,143280.jpg,0.00,143280,쫄깃한 양다리정사
20156089,143277.jpg,0.00,143277,음탕한 유부녀의 수첩
20156088,143307.jpg,0.00,143307,남편에게만은 알리지마
20157005,41406.jpg,10.00,41406,나는 달린다
20157002,159683.jpg,10.00,159683,농어르신들의 이야기
20157001,95875.jpg,6.68,95875,트레이서
20156982,100961.jpg,6.77,100961,나이트 오브 컵스
20156980,112348.jpg,0.00,112348,애프터 섹스
20156979,101872.jpg,7.67,101872,그런 날 사이에 어떤 날
20156645,122113.jpg,6.03,122113,울프 토템
20156644,138243.jpg,8.71,138243,꺼져버려 종양군
20156643,118949.jpg,7.87,118949,모스트 바이어런트
20156642,158722.jpg,4.59,158722,스나이퍼
20156543,148450.jpg,0.00,148450,오디션
20156542,141744.jpg,0.00,141744,재희
20156541,140421.jpg,6.00,140421,싫어
20156539,143736.jpg,0.00,143736,봄비
20156538,150162.jpg,4.00,150162,선물
20156537,140409.jpg,0.00,140409,보일러
20156321,128265.jpg,8.58,128265,약장수
20156302,119961.jpg,10.00,119961,호이가 결정할게
20156301,114260.jpg,7.65,114260,다크 플레이스
20156283,94511.jpg,0.00,94511,보편적 순간
20156282,109653.jpg,1.00,109653,더티 파티
20156281,118323.jpg,8.39,118323,성실한 나라의 앨리스
20156161,118365.jpg,8.00,118365,백 투 더 비기닝
20156142,135580.jpg,0.00,135580,커넥티드
20156141,121114.jpg,6.50,121114,컬렙스
20156140,85219.jpg,0.00,85219,케인 파일
20156139,132313.jpg,0.00,132313,투명잉크
20156087,143296.jpg,0.00,143296,유부녀 가정부의 정사
20156085,143319.jpg,0.00,143319,육체의 결합 - 100일의 사랑
20156084,143320.jpg,0.00,143320,강한건 당신의 키스 -체취
20156083,137358.jpg,9.03,137358,트윈스터즈
20156082,134980.jpg,8.58,134980,마이펫의 이중생활
20156081,112425.jpg,9.33,112425,네이키드 웨폰스
20156080,134877.jpg,3.21,134877,나쁜놈은 죽는다
20156079,143300.jpg,0.00,143300,친구아내와의 맛있는 불륜
20156078,143306.jpg,0.00,143306,스튜어디스 아내의 이중생활
20156076,136869.jpg,8.14,136869,인생
20156075,153027.jpg,0.00,153027,소녀상
20156074,148081.jpg,0.00,148081,1-0
20156073,143939.jpg,0.00,143939,스트레스
20156069,47370.jpg,8.27,47370,그래비티
20156068,154682.jpg,0.00,154682,변신
20156067,159108.jpg,10.00,159108,꿈
20156065,127626.jpg,0.00,127626,미안해 엄마
20156063,162401.jpg,0.00,162401,룸
20156062,28532.jpg,8.40,28532,서부의 사나이
20156061,132974.jpg,0.00,132974,위크앤드
20156060,145485.jpg,0.00,145485,두 개의 선
20156059,145099.jpg,7.00,145099,결과
20156058,145100.jpg,0.00,145100,단골
20156057,134528.jpg,0.00,134528,압둘라
20156056,145489.jpg,0.00,145489,이웃은 인종차별주의자
20156055,145490.jpg,0.00,145490,될 대로 되라
20156054,145491.jpg,0.00,145491,파키의 꽃다발
20156053,145492.jpg,0.00,145492,메이크업
20156052,145493.jpg,0.00,145493,피 한 방울
20156051,134310.jpg,0.00,134310,아이사
20156050,101957.jpg,7.09,101957,우리가 사랑한 시간
20156048,143287.jpg,0.00,143287,여동생의 금지된 사랑
20156047,143282.jpg,6.49,143282,나쁜 나라
20156046,130276.jpg,0.00,130276,부기우기
20156045,125608.jpg,0.00,125608,크루즈 패트롤
20156043,159838.jpg,0.00,159838,탭
20156041,130196.jpg,0.00,130196,해피 보기스 8-11
20156040,130195.jpg,0.00,130195,긴장완화
20156039,130194.jpg,0.00,130194,도쿄 미완성
20156038,98318.jpg,0.00,98318,야마나시
20156037,130193.jpg,0.00,130193,올림픽의 미스터 헬로우
20156036,133387.jpg,2.04,133387,미이라: 고대 전설의 부활
20156035,110472.jpg,8.43,110472,베카스
20156034,119618.jpg,8.00,119618,랜드 호!
20156033,98278.jpg,9.36,98278,"러브, 마릴린"
20156032,85027.jpg,4.00,85027,레이비스
20156031,109178.jpg,7.36,109178,151경기
20156029,127398.jpg,9.60,127398,가디언즈
20156028,123495.jpg,0.00,123495,개를 데리고있는 부인
20156027,143301.jpg,6.80,143301,고스트보트
20156026,81549.jpg,6.50,81549,관료
20156025,125318.jpg,8.50,125318,기동전사 건담 UC 에피소드7: 무지개의 저편에
20156023,137042.jpg,10.00,137042,네 곁에 있을게
20156022,134275.jpg,0.00,134275,독수리오형제 극장판 : 독수리 5형제 VS 터틀킹
20156021,127355.jpg,9.00,127355,춤추는 개 : 펏지
20156008,146438.jpg,10.00,146438,더 게스트
20156007,129461.jpg,7.84,129461,인페르노
20156004,93097.jpg,7.00,93097,네이키드 걸
20156003,131134.jpg,0.00,131134,허밍버드
20154065,140631.jpg,7.50,140631,은희
20154064,142194.jpg,0.00,142194,나물
20154063,149843.jpg,0.00,149843,내 안에
20154062,142178.jpg,0.00,142178,순전히 상상에 의한 엔딩이 있는 동화
20154061,142186.jpg,10.00,142186,동희와 할매
20154042,150699.jpg,0.00,150699,레슨
20154041,142193.jpg,0.00,142193,후앙과 구름
20154040,142406.jpg,0.00,142406,원해!
20154039,152184.jpg,7.50,152184,소녀
20154038,157198.jpg,10.00,157198,다이브
20154037,142157.jpg,0.00,142157,움 인 툼
20154036,142156.jpg,0.00,142156,숙취
20154035,132520.jpg,7.75,132520,죄수생
20154034,142173.jpg,10.00,142173,악어새
20154033,142169.jpg,10.00,142169,우리엄마
20154032,142164.jpg,10.00,142164,굿모닝 로니
20154031,142150.jpg,0.00,142150,5 유로
20154030,142176.jpg,0.00,142176,행복의 나라로
20154029,142170.jpg,0.00,142170,공포 미술관
20154028,142168.jpg,0.00,142168,맘스터
20154027,142167.jpg,0.00,142167,삶이 웹과 같다면
20154026,142166.jpg,0.00,142166,언니라면
20154025,144310.jpg,5.86,144310,무서운 이야기
20154024,131430.jpg,10.00,131430,좋은 엄마
20154023,142148.jpg,0.00,142148,앙코라
20154022,142152.jpg,10.00,142152,섬집아기
20154021,142151.jpg,0.00,142151,경기가 끝난 후
20154001,124212.jpg,7.78,124212,레버넌트: 죽음에서 돌아온 자
20153981,129064.jpg,8.80,129064,칼릴 지브란의 예언자
20153961,142834.jpg,0.00,142834,그녀의 욕정: 너무 하고 싶어요
20153943,141471.jpg,0.00,141471,G컵 미녀의 참을 수 없는 폭주
20153942,141422.jpg,0.00,141422,애프터: 하고 싶은 그녀
20153941,76496.jpg,7.50,76496,여자 감옥: 간수의 노리개
20153922,66385.jpg,7.62,66385,저 하늘에도 슬픔이
20153921,100801.jpg,6.16,100801,롤러코스터
20153901,43228.jpg,9.00,43228,이스터 퍼레이드
20153887,104440.jpg,10.00,104440,구조
20153886,142175.jpg,0.00,142175,채워진 영혼
20153885,141697.jpg,8.13,141697,오마이갓
20153884,154802.jpg,0.00,154802,나들이
20153883,142159.jpg,10.00,142159,채워라 60시간!
20153882,162993.jpg,0.00,162993,나비들의 외침
20153881,142155.jpg,0.00,142155,추정
20153863,140116.jpg,9.75,140116,그빨로
20153862,111033.jpg,7.18,111033,쿠바 퓨리
20153861,81381.jpg,2.89,81381,슈퍼 샤크
20156870,133056.jpg,6.47,133056,새폴더2
20156869,143285.jpg,5.29,143285,갈리폴리 상륙작전
20156868,144238.jpg,0.00,144238,손 하나 까딱하지 않고
20156867,152184.jpg,7.50,152184,괜찮아
20156866,144244.jpg,0.00,144244,스페인식 사랑
20156744,136005.jpg,2.91,136005,사랑오감
20156736,131388.jpg,4.29,131388,가름워즈: 마지막 예언자
20156732,124803.jpg,6.99,124803,포스 마쥬어: 화이트 베케이션
20153842,142018.jpg,9.50,142018,바르셀로나 썸머 나잇
20153841,161364.jpg,0.00,161364,엄마친구
20153829,142439.jpg,0.00,142439,춤추는 사냥꾼과 토끼
20153828,142437.jpg,0.00,142437,트루 컬러스
20153827,142438.jpg,0.00,142438,최후변론
20153825,142440.jpg,0.00,142440,이것을 들어봐
20153824,135525.jpg,0.00,135525,피츠버그엔 비가 와
20153823,142448.jpg,0.00,142448,요코하마에서의 춤 2008
20153822,147944.jpg,10.00,147944,자장가
20153821,130739.jpg,8.93,130739,미션: 톱스타를 훔쳐라
20153803,141880.jpg,8.68,141880,배짱이들
20153802,141419.jpg,7.49,141419,마님
20153801,141421.jpg,7.22,141421,"안녕, 전우치! 도술로봇대결전"
20153761,118926.jpg,6.87,118926,미스터 하이네켄
20153754,142433.jpg,0.00,142433,사랑하는 벨린다
20153752,142431.jpg,0.00,142431,벨린다 입양하기
20153751,142436.jpg,0.00,142436,복사계
20153750,159859.jpg,10.00,159859,"봄,"
20153749,142435.jpg,0.00,142435,섹시 보이
20153748,142434.jpg,0.00,142434,EU시대의 사랑
20153747,142172.jpg,0.00,142172,눈을 떠
20153746,142162.jpg,10.00,142162,골통
20153745,142161.jpg,0.00,142161,물밖에 나온 물고기
20153744,142160.jpg,0.00,142160,첫키스
20153742,142149.jpg,10.00,142149,308
20153741,142625.jpg,8.34,142625,미씽: 사라진 여자
20153740,155967.jpg,0.00,155967,가을 영화
20153739,142428.jpg,0.00,142428,오가닉 브리지
20153738,142430.jpg,0.00,142430,평원 모음곡 서곡
20153737,141916.jpg,10.00,141916,우린 모두 도움이 필요해
20153736,142147.jpg,0.00,142147,과학모험
20153735,158634.jpg,7.34,158634,재구성
20153734,142142.jpg,10.00,142142,분홍지갑
20153733,141904.jpg,10.00,141904,폰비
20153731,142145.jpg,0.00,142145,작은 다락
20153730,142140.jpg,0.00,142140,적을 사냥하기
20153729,155370.jpg,10.00,155370,감기
20153728,142424.jpg,0.00,142424,[-]엮기 [-]잇기
20153727,142425.jpg,0.00,142425,서울의 입구
20153726,142141.jpg,0.00,142141,"불, 물, 흙, 공기 - 제1부 물"
20153725,142427.jpg,0.00,142427,출입구
20153724,142144.jpg,0.00,142144,비둘기똥 제국의 습격과 카르메의 수호자들
20153723,142426.jpg,0.00,142426,경계1
20153722,124837.jpg,0.00,124837,천둥새
20153721,142423.jpg,0.00,142423,집에 사는 이미지들
20153720,142136.jpg,0.00,142136,고환암
20153719,142422.jpg,0.00,142422,꽃병
20153717,142421.jpg,0.00,142421,랑랑-상상박물관
20153716,155761.jpg,10.00,155761,엄마
20153715,124839.jpg,0.00,124839,스컹크
20153714,153279.jpg,10.00,153279,코치
20153712,142451.jpg,0.00,142451,투아 다리 티무르
20153711,142450.jpg,0.00,142450,E-루키야
20153710,142453.jpg,0.00,142453,비디오 모델
20153709,142454.jpg,0.00,142454,아데간 우사이 후잔
20153708,142447.jpg,0.00,142447,메마넨 마타하리
20153707,156909.jpg,0.00,156909,빌랄
20153706,142445.jpg,0.00,142445,알람: 슈하다
20153705,142444.jpg,0.00,142444,선라이즈 자이브
20153704,127378.jpg,8.22,127378,충돌
20153703,156275.jpg,0.00,156275,무엇
20153702,137010.jpg,8.77,137010,포켓몬 더 무비 XY 후파: 광륜의 초마신
20153701,131296.jpg,5.38,131296,헌티드 하우스
20153683,121045.jpg,4.46,121045,몬스터즈2: 죽음의 대륙
20153682,130679.jpg,8.33,130679,"라이크 선데이, 라이크 레인"
20153681,112415.jpg,8.04,112415,이메지네룸
20153680,138769.jpg,6.00,138769,에코스 오브 워
20153679,122190.jpg,10.00,122190,리브 더 월드 비하인드
20153678,92567.jpg,6.08,92567,오사마 좀비
20153677,119150.jpg,7.19,119150,포커 나이트
20153676,142130.jpg,0.00,142130,지아잔
20153675,140160.jpg,2.62,140160,트리하우스
20153674,142133.jpg,0.00,142133,수퍼걸
20153673,142126.jpg,0.00,142126,살아남은 아이들
20153672,142125.jpg,0.00,142125,쿨피
20153671,142128.jpg,0.00,142128,얼음땡
20153670,142129.jpg,0.00,142129,왼발 두개
20153668,161852.jpg,0.00,161852,사일런트
20153667,133022.jpg,0.00,133022,열려있는 창문
20153666,142124.jpg,0.00,142124,나는 왜 피아니스트가 될 수 없었는가
20153665,131163.jpg,0.00,131163,"힘내라, 단!"
20153664,132156.jpg,0.00,132156,첫출발
20153663,142131.jpg,0.00,142131,남보라색 이피
20153662,134440.jpg,0.00,134440,전학 온 토끼소녀
20153661,146129.jpg,0.00,146129,아그네스
20153647,156400.jpg,0.00,156400,히트 앤 런
20153646,155484.jpg,8.74,155484,터닝메카드
20153645,142096.jpg,0.00,142096,노동의 싱글 숏
20153644,132732.jpg,7.00,132732,라산 롤랜드 커크의 검은 클래식
20153643,132416.jpg,0.00,132416,사랑의 서커스
20153642,136052.jpg,8.33,136052,시네마: 퍼블릭 어페어
20153641,132527.jpg,7.00,132527,50번의 콘서트
20153617,142603.jpg,0.00,142603,서울 데카당스 - Live
20153616,132298.jpg,0.00,132298,자우어브루크 후톤의 건축가들
20153615,138604.jpg,0.00,138604,자업자득
20153614,137965.jpg,8.00,137965,스피드 시스터즈
20153613,132571.jpg,0.00,132571,나지하의 봄
20153611,134586.jpg,9.00,134586,드림캐처
20153610,151331.jpg,0.00,151331,나는 엄마입니다
20153609,142507.jpg,7.00,142507,어린 인생
20153608,142506.jpg,8.00,142506,얘기해도 돼요?
20153607,142505.jpg,8.00,142505,시를 파는 소년
20153606,142504.jpg,9.86,142504,"말해 줘, 무싸"
20153605,132531.jpg,9.00,132531,퀸 오브 사일런스
20153604,126541.jpg,8.00,126541,발레 보이
20153603,142620.jpg,7.71,142620,"행성, 지구"
20153602,132272.jpg,8.83,132272,스톡홀름 씨의 좋은 날
20153601,142503.jpg,0.00,142503,빅피시 스몰피시
20153600,125934.jpg,8.00,125934,먹을래? 먹을래!
20153598,142410.jpg,0.00,142410,잠재적 공간
20153597,142100.jpg,0.00,142100,납스 - 투명인간의 비망록
20153596,142099.jpg,0.00,142099,빛의 편지
20153595,142098.jpg,0.00,142098,디지털 시대의 상실
20153594,142097.jpg,0.00,142097,파올로의 꿈
20153593,152055.jpg,0.00,152055,파편
20153591,142420.jpg,0.00,142420,"이야기의 역사, 역사의 이야기"
20153590,142141.jpg,0.00,142141,흙
20153589,142419.jpg,0.00,142419,컵 밥
20153588,135017.jpg,8.33,135017,커트 코베인: 몽타주 오브 헥
20151305,139853.jpg,0.00,139853,인더턴
20151304,129809.jpg,10.00,129809,두 아이 사운드 게이
20151303,133448.jpg,5.45,133448,파괴자
20151302,131099.jpg,7.92,131099,무민 더 무비
20151301,116370.jpg,3.53,116370,좀비 2 : 인도
20151281,133105.jpg,10.00,133105,스튜어디스의 사생활
20151261,141480.jpg,5.07,141480,타부 : 금지된 사랑
20151253,131827.jpg,8.83,131827,소음人
20151252,45914.jpg,6.81,45914,다찌마와리
20151245,148378.jpg,7.50,148378,실종
20151244,134765.jpg,9.89,134765,내 친구의 집은 어디인가
20151243,80133.jpg,0.00,80133,장미맨션
20151231,99783.jpg,7.75,99783,뒤죽박죽
20151230,142699.jpg,8.38,142699,원라인
20151229,154229.jpg,0.00,154229,더 킹
20151205,153966.jpg,0.00,153966,틴토 브라스 부적절한 관계
20151203,141865.jpg,9.88,141865,풍선껌
20151202,135859.jpg,8.34,135859,난 그녀와 키스했다
20151201,137834.jpg,7.28,137834,레전드 오브 래빗: 불의 전설
20151191,99793.jpg,5.78,99793,폴터가이스트
20151190,137422.jpg,0.00,137422,치링치링~시크릿 쥬쥬 3기
20151189,137421.jpg,0.00,137421,치링치링~시크릿 쥬쥬 2기
20151187,130946.jpg,10.00,130946,크롤
20151186,101476.jpg,0.00,101476,치링치링 시크릿 쥬쥬 1기
20151185,135843.jpg,9.17,135843,귀향
20151184,72203.jpg,5.88,72203,더 킬링 룸
20151183,137279.jpg,6.40,137279,탯줄
20151182,145174.jpg,10.00,145174,톰과 제리 로빈훗
20151180,143806.jpg,10.00,143806,톰과 제리: 스파이 대작전
20151179,116972.jpg,10.00,116972,인피니트 스트라토스 2기
20151178,143327.jpg,6.67,143327,"이 남자, 외계인과 싸울 수 있습니다."
20151175,161096.jpg,0.00,161096,아이 씨 유
20151173,109035.jpg,0.00,109035,파타 포스터 니클라 히어로
20151171,78941.jpg,8.53,78941,스투피드 러브
20151168,140836.jpg,9.50,140836,블랑슈 박사의 클리닉
20151165,140442.jpg,10.00,140442,야경꾼
20151164,137116.jpg,7.32,137116,위장
20151163,140437.jpg,0.00,140437,escapin'
20151162,140441.jpg,0.00,140441,아비(阿鼻)
20151161,140439.jpg,9.13,140439,머저리들
20151151,137046.jpg,7.28,137046,맹세해 맹세해
20151148,129022.jpg,7.08,129022,더 파이널 걸스
20151147,142633.jpg,10.00,142633,사월
20151145,140430.jpg,2.25,140430,검은 새
20151144,137646.jpg,10.00,137646,도어락
20151143,89426.jpg,6.39,89426,하드 로맨티커
20151142,137412.jpg,0.00,137412,사악한 정사
20151141,151190.jpg,10.00,151190,허니문
20151127,125463.jpg,9.08,125463,롱기스트 라이드
20151125,144117.jpg,0.00,144117,늑대인간의 전설 : 늑대의 침
20151121,136034.jpg,8.05,136034,스티븐 시걸의 작전명 고스트
20151112,116980.jpg,10.00,116980,낯선 사람들
20151111,143083.jpg,7.98,143083,빌리와 용감한 녀석들: 치킨 히어로
20151110,140436.jpg,9.10,140436,출사
20151109,140434.jpg,7.00,140434,죽부인의 뜨거운 밤
20151108,140433.jpg,9.00,140433,엠보이
20151107,140423.jpg,0.00,140423,Hello Stranger
20151106,140427.jpg,10.00,140427,장모와 나
20151105,134578.jpg,7.02,134578,파르티잔
20151085,140416.jpg,9.83,140416,탄피
20151084,140413.jpg,1.00,140413,용건만 간단히
20151083,140417.jpg,9.67,140417,혹한기
20151082,140411.jpg,0.00,140411,어떤 날
20151081,140414.jpg,8.67,140414,은혜
20151063,140868.jpg,3.71,140868,깡치
20151062,140191.jpg,0.00,140191,일출
20151061,140410.jpg,10.00,140410,"아빠, 그리고 아빠"
20151030,133391.jpg,1.00,133391,존 오브 데드
20151029,101969.jpg,4.50,101969,마이더스 어드벤쳐
20151028,130979.jpg,6.71,130979,모멘텀
20151027,97054.jpg,9.00,97054,연착
20151026,145325.jpg,10.00,145325,전쟁과 관능
20151025,145320.jpg,0.00,145320,애인뱅크
20151024,145319.jpg,10.00,145319,웅덩이의 두 사람
20151023,107920.jpg,9.00,107920,모피를 입은 비너스
20151022,145804.jpg,7.74,145804,걷기왕
20151021,139674.jpg,8.79,139674,순정
20151005,143336.jpg,9.17,143336,겁쟁이 페달: 리로드
20151004,143337.jpg,9.12,143337,겁쟁이 페달: 리라이드
20151003,137696.jpg,8.17,137696,장산범
20151002,127321.jpg,8.89,127321,우먼 인 골드
20151001,116372.jpg,4.20,116372,파라노말 다이어리 : 클롭힐
20150982,145316.jpg,4.25,145316,"금지된 섹스, 달콤한 복수"
20150981,135367.jpg,9.00,135367,마왕
20150979,94767.jpg,8.41,94767,덕혜옹주
20150977,136893.jpg,8.21,136893,좋아해줘
20150976,85579.jpg,9.55,85579,신과함께
20150974,136894.jpg,5.43,136894,독고
20150973,126007.jpg,8.90,126007,"겨울, 바다"
20150972,139700.jpg,8.12,139700,굿바이 싱글
20150971,137875.jpg,6.52,137875,해빙
20150970,139701.jpg,8.47,139701,범죄의 여왕
20150969,149590.jpg,6.36,149590,궁합
20150968,141824.jpg,8.70,141824,국가대표 2
20150967,133046.jpg,0.00,133046,애송이
20150966,140010.jpg,8.06,140010,사랑하기 때문에
20150965,133048.jpg,7.00,133048,비밀리애
20150964,127382.jpg,8.05,127382,조작된 도시
20150963,139675.jpg,8.77,139675,호비와 엄마나무섬의 비밀
20150962,101936.jpg,7.37,101936,모든 비밀스러운 것들
20150961,134821.jpg,6.54,134821,걸하우스
20150944,145326.jpg,6.29,145326,더 하이브
20150943,20514.jpg,5.25,20514,독립협회와 청년 이승만
20150942,158038.jpg,0.00,158038,캐롤
20150941,127354.jpg,5.89,127354,악인은 살아 있다
20150923,145321.jpg,4.60,145321,인턴게임
20150902,136824.jpg,5.94,136824,대배우
20150901,140730.jpg,7.52,140730,올레
20150888,140623.jpg,5.50,140623,루인드 하트: 킬러와 창녀의 러브스토리
20150887,145310.jpg,0.00,145310,하숙집-미모의 여주인
20150885,144531.jpg,0.00,144531,클라리네티스트
20150884,155352.jpg,0.00,155352,발자국
20150882,144526.jpg,0.00,144526,눈사람
20150874,145347.jpg,0.00,145347,불륜 발각 - 아내의 여행
20150873,145426.jpg,0.00,145426,느끼는 꽃잎의 입술
20150872,145311.jpg,0.00,145311,불륜수업-나쁜놀이
20150871,145393.jpg,0.00,145393,주인님이라 그러지마
20150869,153995.jpg,10.00,153995,그 자리
20150867,155761.jpg,10.00,155761,엄마
20150866,155328.jpg,9.74,155328,상
20150863,132622.jpg,8.47,132622,극장판 푸른 강철의 아르페지오 - 아르스 노바 - DC
20150862,120793.jpg,7.97,120793,더 랍스터
20150861,120552.jpg,4.27,120552,특공 아미라
20150860,143218.jpg,0.00,143218,병원 화장실에서
20150859,143207.jpg,0.00,143207,간호사만 참아야하나
20150858,145389.jpg,0.00,145389,죽을정도로 느끼게 해줘
20150857,143923.jpg,0.00,143923,애정의 사쿠라
20150856,145437.jpg,0.00,145437,피아노 정사 레슨 - 불륜
20152601,140111.jpg,0.00,140111,초식남의 미끈한 OL녀 맛보기
20152583,117201.jpg,8.40,117201,뱅크레이디
20152582,128595.jpg,9.04,128595,침묵의 시선
20152581,75356.jpg,3.57,75356,노예공장
20152561,141475.jpg,0.00,141475,육체관계
20152321,141537.jpg,6.18,141537,방 안의 코끼리
20152303,138526.jpg,0.00,138526,극단의 불면증
20152302,141512.jpg,0.00,141512,교통체증에서 벗어나기 위한 방법
20152223,109650.jpg,7.91,109650,위시 아이 워즈 히어
20152222,41613.jpg,10.00,41613,전설의 무예
20152221,139720.jpg,4.80,139720,인트루더스2015
20152219,122764.jpg,0.00,122764,인에일리어너블
20152218,109903.jpg,3.50,109903,웰컴 투 뉴욕
20152207,54897.jpg,4.52,54897,스커지
20152098,140148.jpg,0.00,140148,유출본 - 끝까지 한다
20152097,141705.jpg,0.00,141705,여자는 이걸로 만족하지 않아
20152096,133073.jpg,0.00,133073,꽃은 밤에 피고-유리아
20152095,139648.jpg,0.00,139648,O양 비디오의 정사
20152094,156187.jpg,0.00,156187,두더지
20150855,145384.jpg,0.00,145384,여감옥의 교도관 - 꿀잼
20150824,134282.jpg,10.00,134282,아이돌간호사모모코
20150823,133233.jpg,0.00,133233,아오이-창의적 정사
20150822,125448.jpg,8.33,125448,서울 서칭
20150821,139712.jpg,0.00,139712,아내의 비밀욕정 4 : 음란
20150802,20484.jpg,5.00,20484,대폭군
20150566,145336.jpg,8.74,145336,극장판 꼬마버스 타요의 에이스 구출작전
20150565,155930.jpg,0.00,155930,스포트라이트
20150564,145335.jpg,7.51,145335,혼숨
20150563,118384.jpg,7.89,118384,베스트 오브 미
20150562,160354.jpg,0.00,160354,팬
20150545,145344.jpg,0.00,145344,남편 제자와의 밀애
20150461,130757.jpg,7.47,130757,스티브 잡스
20150460,145931.jpg,0.00,145931,적막의 경관
20150459,145930.jpg,0.00,145930,닿지 않는
20150458,145816.jpg,7.94,145816,킬 미 달링
20150456,156739.jpg,0.00,156739,드레스메이커
20150455,52739.jpg,9.86,52739,낯선 꿈들
20150378,148961.jpg,3.83,148961,역전
20150377,139403.jpg,10.00,139403,부검
20150376,150727.jpg,10.00,150727,배다리뎐
20150375,159683.jpg,10.00,159683,"낮,잠"
20150374,150548.jpg,0.00,150548,더미 : 노 웨이 아웃
20150201,101948.jpg,6.45,101948,스크리블러
20150182,145362.jpg,7.75,145362,에리카의 극장괴담
20150181,131216.jpg,2.58,131216,헤라클레스: 전설의 부활
20150162,145363.jpg,0.00,145363,음란한 채무 - 목소리
20150161,151486.jpg,0.00,151486,"조각, 조각"
20150091,144676.jpg,9.25,144676,달
20150090,121158.jpg,5.85,121158,이불
20150089,139754.jpg,0.00,139754,집시 이야기 : 집시여인과 악마
20150088,150727.jpg,10.00,150727,리오의 결투
20150078,35317.jpg,6.25,35317,피리부는 목동
20150074,139756.jpg,0.00,139756,타라쟈
20150073,139759.jpg,0.00,139759,보물 원정대
20150071,148608.jpg,6.90,148608,공룡들
20150070,139761.jpg,0.00,139761,세 바보
20150069,139762.jpg,0.00,139762,우루루
20150065,139591.jpg,0.00,139591,다큐멘터리 영화
20150064,139777.jpg,0.00,139777,한편
20150063,141922.jpg,0.00,141922,에드가
20150062,120553.jpg,6.33,120553,블랙 앤 화이트: 던 오브 저스티스
20150061,125428.jpg,8.44,125428,셀마
20150043,145366.jpg,0.00,145366,풍만한 하숙집 여주인
20150042,150277.jpg,10.00,150277,해파리의 노래
20150025,147001.jpg,9.03,147001,내부자들: 디 오리지널
20150024,137281.jpg,8.70,137281,짱구는 못말려 극장판: 나의 이사 이야기 선인장 대습격
20150023,134057.jpg,8.67,134057,등대
20150022,134744.jpg,0.00,134744,다시 만날 날까지
20150020,139437.jpg,7.94,139437,사울의 아들
20150017,95015.jpg,10.00,95015,숲과 나무
20150012,125814.jpg,8.29,125814,돈 조반니
20150010,87436.jpg,0.00,87436,프락시스
20150008,142085.jpg,0.00,142085,인테리어
20150003,120942.jpg,0.00,120942,크럭스 필름
20150002,139596.jpg,0.00,139596,뜨거운 토끼
20149999,114428.jpg,0.00,114428,해충
20149998,127505.jpg,0.00,127505,플루토 3000
20149997,120259.jpg,10.00,120259,수퍼비너스
20149996,126303.jpg,0.00,126303,아내의 이상한 요구
20149995,119495.jpg,6.57,119495,늑대인간: 더 오리지널
20149994,126363.jpg,0.00,126363,막장! 마에다 가문의 정사
20149993,127506.jpg,0.00,127506,남자가 여자를 만나다
20149992,107962.jpg,9.85,107962,노래
20149991,127507.jpg,0.00,127507,새 꿈
20149990,162315.jpg,0.00,162315,코다
20149989,128199.jpg,9.40,128199,누구나 마음속엔 고양이가 산다
20149988,154256.jpg,9.00,154256,피아노
20149986,128200.jpg,10.00,128200,현재에 산다
20149985,127356.jpg,4.50,127356,"일어나요, 춘자씨"
20149984,125426.jpg,8.23,125426,컬러풀 웨딩즈
20149983,128197.jpg,0.00,128197,내 마음에 록스타를 깔고
20149982,128196.jpg,10.00,128196,울림 (갱상도 판소리의 길을 찾다)
20149981,128195.jpg,0.00,128195,Color of Song
20149980,128194.jpg,9.00,128194,서둘러 천천히
20149979,128193.jpg,0.00,128193,우리동네 슈퍼밴드
20149978,114146.jpg,7.96,114146,비행기 2: 소방구조대
20149977,131630.jpg,0.00,131630,노란방의 비밀
20149976,132344.jpg,0.00,132344,흔들리는 시선
20149975,128402.jpg,0.00,128402,"하와이, 우쿨렐레"
20149974,86961.jpg,5.41,86961,뜨거운 여름
20149973,116233.jpg,7.91,116233,패신저
20149972,149277.jpg,6.73,149277,늑대소녀
20149971,152755.jpg,7.00,152755,귀다
20149970,147977.jpg,0.00,147977,마야
20149969,124754.jpg,0.00,124754,탕 속에서
20149968,117962.jpg,0.00,117962,예물
20149967,127503.jpg,0.00,127503,까마귀가 우는 동안
20149966,120249.jpg,0.00,120249,넝마
20149965,125902.jpg,0.00,125902,엄마때문에
20149964,108892.jpg,0.00,108892,볼레스
20149963,126361.jpg,4.07,126361,캐논포더 : 죽은자들의도시
20149962,125821.jpg,7.62,125821,곤충왕국 3D
20149961,124240.jpg,7.16,124240,미안해 사랑해 고마워
20149960,125819.jpg,5.33,125819,매직파워
20149959,79602.jpg,5.83,79602,몽키킹: 손오공의 탄생
20149958,90361.jpg,0.00,90361,리얼펫 히어로즈
20149957,113037.jpg,0.00,113037,쿠치의 여름
20149955,124168.jpg,0.00,124168,촉감
20149954,127299.jpg,0.00,127299,당신을 통해
20149953,127300.jpg,0.00,127300,회색의 그늘
20149952,101088.jpg,7.61,101088,백투더 씨
20149951,136657.jpg,0.00,136657,빅 히어로
20149950,150896.jpg,10.00,150896,관계
20149949,109436.jpg,7.08,109436,네 무덤에 침을 뱉어라 2
20149948,145771.jpg,10.00,145771,언브로큰
20149947,124865.jpg,0.00,124865,행복길 사람들
20149946,127296.jpg,0.00,127296,춤에 흠뻑
20149945,126721.jpg,0.00,126721,두 눈에 비
20152326,141507.jpg,0.00,141507,실연한 이들을 위한 동화
20152325,141540.jpg,10.00,141540,소년병
20152324,134509.jpg,0.00,134509,컵케이크
20152323,140624.jpg,0.00,140624,e-Social
20152322,140726.jpg,4.48,140726,지구 최후의 날
20152213,136692.jpg,2.80,136692,에일리언 최후의 결전
20152212,122612.jpg,0.00,122612,어바웃 알렉스
20152211,103746.jpg,4.60,103746,알라딘과 죽음의 램프
20152210,128925.jpg,0.00,128925,시크릿 월드
20152209,123535.jpg,6.92,123535,퀴어영화 나비 : 어른들의 일
20152208,86406.jpg,0.00,86406,시체를 팝니다
20152063,114899.jpg,0.00,114899,360
20152062,144913.jpg,8.71,144913,테슬라 프로젝트
20152044,139612.jpg,4.64,139612,러브앤서울 복숭아마을 도색소동기
20152043,12359.jpg,8.27,12359,에스 오 에스
20152042,140627.jpg,0.00,140627,물보다 진한
20151584,133125.jpg,0.00,133125,섹스의 맛 무삭제판
20151583,140160.jpg,2.62,140160,트리하우스
20151524,155761.jpg,10.00,155761,사랑해 사랑해
20151523,156209.jpg,0.00,156209,멜로
20151228,142384.jpg,8.32,142384,공조
20151227,143473.jpg,8.21,143473,아빠는 딸
20151226,139436.jpg,8.29,139436,몽 루아
20151225,155888.jpg,0.00,155888,인사이드 아웃
20151224,136849.jpg,7.42,136849,하프
20151223,155060.jpg,0.00,155060,아리아
20151088,137647.jpg,9.33,137647,배우의 탄생
20151087,140418.jpg,9.50,140418,9월 9일
20151086,150067.jpg,7.40,150067,피크닉
20150922,138759.jpg,10.00,138759,오래된 희망
20150921,134878.jpg,3.64,134878,미션스쿨
20150909,128913.jpg,0.00,128913,어 골든 보이
20150906,147893.jpg,0.00,147893,데이 콜 미 지그
20150904,138616.jpg,0.00,138616,원드러스 보카치오
20150903,139699.jpg,6.28,139699,번개맨
20149944,118901.jpg,8.07,118901,익스트림 스키야키
20149876,98993.jpg,6.47,98993,타이치2 히어로
20149873,134057.jpg,8.67,134057,등대
20149872,127149.jpg,0.00,127149,조용한 사랑
20149871,102406.jpg,7.00,102406,엇갈림
20149870,127146.jpg,0.00,127146,UMBA
20149771,126325.jpg,3.44,126325,중독애
20149770,126336.jpg,5.84,126336,트랜스머신: 만테라
20149769,126348.jpg,3.20,126348,잠자는 숲속의 미녀와 야수
20149768,125833.jpg,4.45,125833,그 참을 수 없는 맛
20149767,126347.jpg,3.21,126347,파이어 : 테러와의 전쟁
20149758,149909.jpg,0.00,149909,터키
20149695,122522.jpg,7.47,122522,사랑의 소용돌이
20149694,122806.jpg,5.00,122806,LFO
20149693,102699.jpg,6.67,102699,여인공화국의 재키
20149692,124535.jpg,0.00,124535,인피니트 맨
20149691,156679.jpg,1.00,156679,파이팅
20149690,110672.jpg,0.00,110672,필드 인 잉글랜드
20149689,156953.jpg,0.00,156953,모던 타임즈
20149688,161877.jpg,0.00,161877,듀얼
20149687,126527.jpg,8.00,126527,최신좀비가이드
20149686,107491.jpg,6.08,107491,고딩감독
20149685,127186.jpg,6.00,127186,크레이터즈 오브 더 문
20149684,116365.jpg,7.40,116365,평행이론: 도플갱어 살인
20149683,121839.jpg,0.00,121839,블루 부스타만테
20149682,123442.jpg,8.43,123442,투 스테이츠
20149681,127137.jpg,6.26,127137,좀비 파이트 클럽
20149680,127136.jpg,5.94,127136,울프캅
20149679,121244.jpg,6.73,121244,당신의 벽이 속삭일때
20149678,119296.jpg,8.42,119296,뱀파이어에 관한 아주 특별한 다큐멘터리
20149677,115522.jpg,9.05,115522,트릭 극장판: 라스트 스테이지
20149676,162924.jpg,0.00,162924,타임 랩스
20149675,117878.jpg,5.68,117878,마경
20149674,118228.jpg,5.67,118228,스위트 알리바이
20149673,113992.jpg,5.63,113992,블러드 글래셔: 알프스의 살인빙하
20149672,148450.jpg,0.00,148450,오디션
20149671,107787.jpg,4.61,107787,스테이지 프라이트
20149670,127135.jpg,4.47,127135,스펙 결: 후편
20149669,127134.jpg,5.58,127134,스펙 결: 전편
20149668,122602.jpg,8.50,122602,백설공주 살인사건
20149667,127132.jpg,5.52,127132,원 컷 - 어느 친절한 살인자의 기록
20149666,161876.jpg,10.00,161876,퍼즐
20149665,121253.jpg,3.00,121253,죽음의 새끼손가락
20149664,127131.jpg,0.00,127131,카비세라 - 어느 아버지의 고백
20149663,122820.jpg,4.76,122820,"님프, 피의 요정"
20149662,127129.jpg,3.00,127129,꽃미남 학교괴담
20149661,161169.jpg,0.00,161169,라이브
20149659,127127.jpg,0.00,127127,밤이 지나 내일이 올때까지 내버려둬
20149658,103262.jpg,6.10,103262,수퍼 히어로 크리쉬 3
20149657,127126.jpg,0.00,127126,KL 좀비
20149656,118240.jpg,5.29,118240,디 아이 파이널 : 원귀
20149655,151694.jpg,0.00,151694,동굴
20149654,127125.jpg,7.70,127125,하우스바운드
20149653,127124.jpg,0.00,127124,쌍둥이자리
20149652,127123.jpg,4.89,127123,에반젤린
20149651,112411.jpg,0.00,112411,악마의 시종
20149650,116367.jpg,0.00,116367,키메라
20149649,111970.jpg,7.62,111970,첸나이 익스프레스
20149648,153083.jpg,0.00,153083,카니발
20149647,127122.jpg,1.25,127122,바알의 꽃
20149646,122811.jpg,6.75,122811,아스모덱시아
20149645,106788.jpg,6.22,106788,치어리더는 모두 죽는다
20149642,127041.jpg,5.33,127041,애니멀즈 드림
20149641,127114.jpg,5.03,127114,막부고교생
20149640,102851.jpg,5.83,102851,오픈 윈도우즈
20149639,121571.jpg,3.11,121571,미드나잇 애프터
20149638,114255.jpg,8.75,114255,잭 스트롱
20149637,127113.jpg,0.00,127113,더미인형 홍훈
20149636,122115.jpg,8.24,122115,대 최면술사
20149632,101655.jpg,0.00,101655,욕
20149629,134641.jpg,10.00,134641,비긴 어게인
20149628,157759.jpg,0.00,157759,나는 너다
20149627,123318.jpg,0.00,123318,여성+노동
20149603,39048.jpg,6.00,39048,에로스+학살
20149602,30891.jpg,3.50,30891,계엄령
20149600,26060.jpg,6.44,26060,무희
20149596,146582.jpg,7.15,146582,The Mother
20149595,101880.jpg,5.89,101880,헬베이비
20149594,110886.jpg,6.55,110886,워리어스 레인보우2: 최후의 결전
20149593,119291.jpg,7.96,119291,데드 스노우 2
20149592,119238.jpg,1.33,119238,어둠이 올 때까지
20149591,109104.jpg,7.73,109104,매직 인 더 문라이트
20149590,123368.jpg,7.26,123368,다크 밸리
20149589,159827.jpg,3.55,159827,카메라
20149588,119289.jpg,7.08,119289,바바둑
20149587,140220.jpg,0.00,140220,스테레오
20149572,146535.jpg,0.00,146535,코뮌 서울
20149571,126961.jpg,8.67,126961,중독노래방
20149570,123596.jpg,7.67,123596,조선명탐정 : 사라진 놉의 딸
20149569,122535.jpg,7.63,122535,악의 연대기
20149568,106065.jpg,7.38,106065,허큘리스
20149567,123420.jpg,8.77,123420,명탐정 코난 : 이차원의 저격수
20149549,127202.jpg,5.00,127202,타인의 취향
20151104,140429.jpg,9.80,140429,화해
20151103,140425.jpg,0.00,140425,용산 나이트
20151102,140420.jpg,0.00,140420,낮달
20151101,140422.jpg,0.00,140422,제 팬티를 드릴게요
20151091,154613.jpg,10.00,154613,어머니
20151089,140419.jpg,8.67,140419,그리고 가을이 왔다
20149942,113544.jpg,0.00,113544,Plan C
20149941,126360.jpg,4.62,126360,미스테리 예고살인
20149940,31668.jpg,9.00,31668,시벨의 일요일
20149939,38400.jpg,8.50,38400,희미한 곰별자리
20149938,125818.jpg,10.00,125818,바이 바이 몽키
20149937,125817.jpg,7.25,125817,북쪽에 있는 다리
20149936,30065.jpg,6.67,30065,하이 맘!
20149935,11728.jpg,6.94,11728,강박관념
20149934,92084.jpg,3.41,92084,맥아더 : 일본 침몰에 관한 불편한 해석
20149933,126988.jpg,0.00,126988,못생긴발
20149932,150091.jpg,9.68,150091,도깨비
20149931,99792.jpg,6.94,99792,인보카머스
20149930,118931.jpg,8.00,118931,스텝 업: 올 인
20149929,153851.jpg,10.00,153851,상상
20149928,127298.jpg,0.00,127298,내 마음대로
20149927,125899.jpg,0.00,125899,지네와 두꺼비
20149913,152183.jpg,8.87,152183,도시 이야기
20149912,150288.jpg,10.00,150288,고기
20149911,127541.jpg,0.00,127541,코뿔소
20149910,118348.jpg,8.71,118348,보이후드
20149909,126349.jpg,5.94,126349,열애
20149908,126340.jpg,5.63,126340,공각기동대 어라이즈 보더:3 고스트 티어즈
20149907,85946.jpg,8.84,85946,헤드헌터
20149892,136872.jpg,8.85,136872,야수들
20149891,127170.jpg,0.00,127170,기묘한 동거인
20149890,127169.jpg,10.00,127169,붉은 점
20149888,127165.jpg,0.00,127165,이블 트윈
20149887,127164.jpg,0.00,127164,거울 속 앨리스
20149886,125078.jpg,0.00,125078,토미와 스테이시의 위대한 일생
20149885,127162.jpg,0.00,127162,도티
20149884,127161.jpg,0.00,127161,나이트사탄
20149883,127160.jpg,0.00,127160,빨간 망토 소녀
20149882,151623.jpg,0.00,151623,사랑의 후회
20149881,94116.jpg,4.32,94116,애프터쇼크
20149879,151792.jpg,0.00,151792,바스킨
20149878,97859.jpg,8.58,97859,행복배달부 팻아저씨
20149877,126309.jpg,10.00,126309,꽃새장여인 : 네코짱
20149869,127145.jpg,0.00,127145,라이징 더스트
20149868,115094.jpg,10.00,115094,죽음의 무도
20149867,153733.jpg,0.00,153733,사파리
20149866,114292.jpg,8.50,114292,개를 찾습니다
20149865,161126.jpg,0.00,161126,커플
20149864,127307.jpg,6.00,127307,나이트 오브 데몬스
20149863,78170.jpg,6.25,78170,나이프 엣지
20149862,154461.jpg,8.11,154461,오텁시
20149861,104313.jpg,8.50,104313,워커즈
20149860,126345.jpg,7.69,126345,브레이브 래빗 : 새로운 영웅의 탄생
20149859,114276.jpg,8.68,114276,마다가스카의 펭귄
20149858,70635.jpg,5.96,70635,발할라 라이징
20149857,88397.jpg,4.45,88397,더 스쿼드
20149856,161944.jpg,0.00,161944,적
20149855,121362.jpg,10.00,121362,도서관 내 정숙
20149854,127141.jpg,0.00,127141,악의 여왕 랑다
20149853,133128.jpg,4.87,133128,미궁
20149852,127139.jpg,0.00,127139,흡혈귀와 어머니
20149851,132686.jpg,9.37,132686,추방
20149850,120257.jpg,0.00,120257,그림자 연극
20149849,127121.jpg,0.00,127121,래빗 105
20149848,127119.jpg,0.00,127119,거침없이 죽여라! 맥블라스터
20149847,101606.jpg,4.23,101606,에일리언 인베이젼
20149846,118370.jpg,8.57,118370,"안녕, 헤이즐"
20149845,127116.jpg,0.00,127116,구원의 서막
20149844,127115.jpg,0.00,127115,"분노의 심판자, 스틸"
20149843,159300.jpg,0.00,159300,하바나
20149842,121358.jpg,0.00,121358,우주 속으로
20149841,108563.jpg,5.67,108563,위키드 블러드
20149839,124206.jpg,6.29,124206,레쓰링
20149838,125826.jpg,8.36,125826,유고와 라라 : 신비의 숲 어드벤처
20149833,126158.jpg,0.00,126158,"라이트, 아니마, 액션!"
20149832,127295.jpg,0.00,127295,꿈틀이
20149831,118921.jpg,7.10,118921,더 퍼지 : 거리의 반란
20149830,92506.jpg,7.76,92506,더블: 달콤한 악몽
20149829,87234.jpg,7.80,87234,한밤의 아이들
20149828,96087.jpg,6.77,96087,최면 전문의
20149826,10060.jpg,8.48,10060,스미스씨 워싱톤 가다
20149822,124240.jpg,7.16,124240,미안하다 사랑한다
20149819,122196.jpg,6.09,122196,바리새인
20149818,98485.jpg,7.93,98485,익스펜더블 3
20149811,100990.jpg,8.23,100990,인투 더 스톰
20149807,127676.jpg,0.00,127676,"무스타파 알라산, 황무지의 마법사"
20149801,127201.jpg,0.00,127201,나는 용감하지 않다
20149797,34697.jpg,0.00,34697,천재의 정신: 표도르 키트룩과 그의 작품들
20149796,123095.jpg,8.79,123095,"메밀꽃, 운수 좋은 날, 그리고 봄봄"
20149774,113499.jpg,0.00,113499,행복의 기술
20149772,103566.jpg,4.20,103566,라스트패신저
20149756,114987.jpg,7.50,114987,틴토 브라스의 모든 것
20149755,29395.jpg,10.00,29395,아우성
20149754,127203.jpg,1.00,127203,치명적인 여인
20149753,19653.jpg,0.00,19653,가요반세기
20149751,119241.jpg,5.50,119241,비디오 가게를 지켜라
20149750,127197.jpg,0.00,127197,쉬 울프
20149749,97895.jpg,7.79,97895,미래에서 온 남자
20149748,129891.jpg,0.00,129891,딥 슬립
20149747,115861.jpg,0.00,115861,좀비 인어의 습격
20149746,114607.jpg,5.00,114607,핑크보단 블루
20149744,30710.jpg,7.78,30710,메카고지라의 역습
20149742,30704.jpg,10.00,30704,괴수총진격
20149741,68497.jpg,5.50,68497,괴수대전쟁
20149727,153296.jpg,0.00,153296,판타스틱 단편 걸작선 1
20149717,127196.jpg,0.00,127196,환상의 미다
20149716,127195.jpg,0.00,127195,동물왕국 탐험대
20149715,122145.jpg,4.19,122145,은하철도의 꿈
20149714,114432.jpg,7.95,114432,보이 앤 더 월드
20149713,127194.jpg,7.83,127194,고문 클럽
20149712,141456.jpg,5.54,141456,더 사무라이
20149711,122819.jpg,4.00,122819,악령의 심판
20149710,127193.jpg,5.67,127193,미친 줄리아
20149709,127192.jpg,4.78,127192,꽃과 뱀: 더 제로
20149708,116403.jpg,2.00,116403,아메리칸 테러
20149707,118501.jpg,7.09,118501,두더지의 노래: 잠입탐정 레이지
20149705,127191.jpg,8.82,127191,야스민: 전설의 고수를 찾아서
20149704,101867.jpg,10.00,101867,배드 캅
20149703,123688.jpg,9.07,123688,우드 잡!
20149702,127190.jpg,6.50,127190,성형일기
20149701,122384.jpg,7.00,122384,세가지 색 - 삼생
20149700,117091.jpg,9.33,117091,그녀와 그의 사정
20149699,144794.jpg,10.00,144794,괴테스쿨의 사고뭉치들
20149698,142291.jpg,6.46,142291,고양이 사무라이
20149697,122342.jpg,9.29,122342,원탁의 가족
20149696,115496.jpg,3.00,115496,아리안느는 임신중
20150854,145385.jpg,0.00,145385,질퍽한 유부녀의 육체
20150853,145422.jpg,0.00,145422,이별의 순간 마지막 섹스
20150852,143220.jpg,0.00,143220,의사와 간호사 불륜
20150851,143272.jpg,0.00,143272,오르가즘이 좋아서 - 아줌마
20150850,145388.jpg,0.00,145388,거유탐닉 - 그녀의 방에서
20150849,143274.jpg,0.00,143274,뜨거운 여감옥의 밤
20150848,145406.jpg,0.00,145406,과외선생님 : 심화학습편
20150847,145337.jpg,5.50,145337,수호지-혼세마왕
20150846,18184.jpg,8.44,18184,신 금병매
20150842,146501.jpg,7.60,146501,원 밀리언 킥
20150841,162898.jpg,0.00,162898,카이트
20150838,145340.jpg,5.00,145340,한양기방 명기전
20150837,133085.jpg,0.00,133085,옆집 신혼녀의 유혹
20150835,133084.jpg,0.00,133084,노천온천탕의 세자매 2-욕구불만
20150833,133083.jpg,0.00,133083,화려한 오후: 그녀의 새파트너
20150831,134576.jpg,8.68,134576,세컨드 마더
20150828,133087.jpg,0.00,133087,썸타는 퇴근길-그놈이 기다리는 길
20150827,133162.jpg,0.00,133162,쓰레기 같은 남편과
20150801,139676.jpg,3.34,139676,은밀한 방문자
20150782,74866.jpg,7.32,74866,인디펜던스 데이 : 리써전스
20150781,134898.jpg,9.80,134898,라그나로크
20150762,20329.jpg,8.32,20329,순응자
20150761,159017.jpg,0.00,159017,리스트
20150753,145160.jpg,8.49,145160,눈발
20150752,99748.jpg,7.89,99748,스누피: 더 피너츠 무비
20150751,139700.jpg,8.12,139700,노인들의 계획
20150750,90991.jpg,6.50,90991,천국에 간 비올레타
20150748,139679.jpg,8.00,139679,후궁탈출
20150747,135826.jpg,8.53,135826,어게인: 끝없는 도전
20150746,99337.jpg,8.50,99337,소피아와 고집 센 남편
20150745,113031.jpg,8.00,113031,웻랜드
20150744,161474.jpg,0.00,161474,아티스트
20150743,99112.jpg,8.00,99112,아티스트 앤 모델
20150742,115254.jpg,1.00,115254,찰리의 진실
20150741,114286.jpg,6.86,114286,인시디어스 3
20150726,93988.jpg,5.67,93988,리벤지 포 졸리
20150725,134135.jpg,8.55,134135,극장판 아이엠스타 : 꿈의 오디션!
20150724,139677.jpg,8.20,139677,에이리언 토네이도
20150704,145398.jpg,0.00,145398,위기의 유부남: 만나는 여자마다 하고 싶어!
20150703,129682.jpg,7.77,129682,에덴: 로스트 인 뮤직
20150702,118383.jpg,8.52,118383,제임스 브라운
20150666,145421.jpg,8.63,145421,위험한 중독
20150665,145333.jpg,8.88,145333,내 생애 최악의 데이트
20150664,145328.jpg,0.00,145328,미망인과 이웃집 남자들
20150663,145329.jpg,0.00,145329,음란한 유치장
20150662,73510.jpg,7.08,73510,원초적 본능 2015
20150661,47321.jpg,8.81,47321,"알로, 슈티"
20150643,138920.jpg,2.67,138920,악령의 재림 13-13-13
20150642,145367.jpg,10.00,145367,떡국열차 신드롬 무삭제판
20150641,103325.jpg,7.61,103325,러브 펀치
20150624,144323.jpg,6.66,144323,얼라이브 2015
20150623,140282.jpg,6.34,140282,컨트랙티드 2
20150622,129408.jpg,8.09,129408,메이즈 러너: 스코치 트라이얼
20150621,134315.jpg,8.09,134315,피의자: 사라진 증거
20150607,145331.jpg,2.00,145331,돌싱의 맛있는 유혹
20150606,145338.jpg,0.00,145338,독신남자와 이웃집여자
20150603,133076.jpg,7.25,133076,전망 좋은 집 2
20150601,132161.jpg,0.00,132161,외출
20150584,29847.jpg,8.21,29847,결투자들
20150583,87944.jpg,0.00,87944,베이 오브 엔젤
20150582,115717.jpg,7.09,115717,이지 라이프
20150568,115323.jpg,5.79,115323,흑집사: 악마와의 계약
20150567,125414.jpg,8.23,125414,스타트렉 비욘드
20150542,133074.jpg,0.00,133074,서른명의 여자와 30일
20150541,66512.jpg,7.17,66512,아내의 비밀욕정 3 : 쾌락
20150528,145163.jpg,8.00,145163,가을이 오다
20150526,145164.jpg,3.00,145164,권적운
20150524,145165.jpg,7.40,145165,야성의 여인
20150523,119430.jpg,8.21,119430,엑스맨: 아포칼립스
20150522,109626.jpg,8.73,109626,러덜리스
20150521,126986.jpg,7.15,126986,애플시드 알파
20150513,145166.jpg,0.00,145166,아내의 마음
20150512,103750.jpg,8.92,103750,취우
20150511,153517.jpg,6.83,153517,부부
20150509,145168.jpg,0.00,145168,산주산겐도 궁수 이야기
20150508,145169.jpg,7.40,145169,초롱불 노래
20150507,145170.jpg,5.00,145170,버스차장 히데코
20150506,145171.jpg,8.00,145171,떠돌이 배우
20150505,145172.jpg,8.00,145172,일하는 가족
20150502,141157.jpg,6.00,141157,테일즈 오브 할로윈
20150501,134845.jpg,8.78,134845,극장판 요괴워치: 탄생의 비밀이다냥!
20150494,143214.jpg,4.04,143214,칼큘레이터
20150493,146162.jpg,9.00,146162,스파 나이트
20150492,141254.jpg,3.48,141254,진격의 거인 파트 2
20150491,100078.jpg,7.40,100078,진격의 거인 파트1
20150490,91128.jpg,0.00,91128,첫돌
20150489,162334.jpg,0.00,162334,앤디
20150488,115717.jpg,7.09,115717,이지머니 3
20150487,99829.jpg,7.82,99829,이지머니 2
20150486,115717.jpg,7.09,115717,이지머니
20150485,162367.jpg,0.00,162367,오페라
20150484,130582.jpg,6.69,130582,살인의 늪
20150483,145418.jpg,4.28,145418,다크 월드: 이퀄리브리엄
20150482,133090.jpg,6.75,133090,내 남자의 이중생활
20150481,139105.jpg,4.43,139105,7공주 대리운전
20150476,117408.jpg,7.07,117408,"두근두근, 도쿄!"
20150475,145379.jpg,6.09,145379,그녀가 죽은 밤
20150474,136473.jpg,7.45,136473,렉시의 행복 레시피
20150473,158617.jpg,0.00,158617,블라인드
20150471,145350.jpg,6.29,145350,겟 어웨이 오브 러브
20150470,146008.jpg,0.00,146008,라스트 홈
20150469,121001.jpg,7.00,121001,미스터 추: 기발한 미국 유학기
20150468,137935.jpg,8.20,137935,말로니의 두 번째 이야기
20150467,12787.jpg,8.57,12787,베티블루 37.2 디오리지널
20150466,142291.jpg,6.46,142291,고양이 사무라이 2
20150465,101060.jpg,8.71,101060,데블핸드
20150464,145929.jpg,10.00,145929,현수의 노래
20150463,145351.jpg,0.00,145351,감금은행-지옥의광란파티
20150462,145932.jpg,0.00,145932,새의 침묵
20150453,118986.jpg,6.46,118986,굿바이 그리고 헬로우
20150452,144533.jpg,10.00,144533,잠시 외출합니다
20150451,144532.jpg,10.00,144532,배려와 도박
20150450,139416.jpg,0.00,139416,그리운 건 아니지만
20150449,162711.jpg,0.00,162711,시네마
20150448,139415.jpg,9.00,139415,연희
20150447,139420.jpg,7.00,139420,우는 방
20150446,139419.jpg,0.00,139419,"롹, 스피릿"
20150445,139418.jpg,9.86,139418,실버벨
20150444,139423.jpg,6.67,139423,아무도 돌아오지 않는 밤
20150443,155761.jpg,10.00,155761,I Love You
20150442,139422.jpg,7.50,139422,어디가도 잘 살 사람
20150441,139421.jpg,0.00,139421,강정 오이군
20150433,144534.jpg,0.00,144534,굴레
20150432,119404.jpg,5.02,119404,디버그: 슈퍼컴퓨터 VS 천재해커
20150431,144522.jpg,0.00,144522,생태주의
20150430,144520.jpg,10.00,144520,영자씨
20150429,139414.jpg,0.00,139414,뮤지컬은 사랑을 타고
20150428,139413.jpg,10.00,139413,낭만쥐
20150427,139412.jpg,0.00,139412,백의 민족
20150426,139411.jpg,9.00,139411,낯선 낯
20150425,139410.jpg,10.00,139410,압정
20150424,101955.jpg,6.32,101955,더 로버
20150423,139408.jpg,0.00,139408,관찰
20150422,139409.jpg,0.00,139409,상상의 나래
20150421,85768.jpg,6.88,85768,동경 표류일기
20150414,145354.jpg,0.00,145354,에로닌자걸:정사
20150413,145356.jpg,0.00,145356,섹스 잘하는 여자가 좋다
20150412,145358.jpg,0.00,145358,예쁜 여자가 섹스도 잘해
20150411,145370.jpg,0.00,145370,불륜 와이프와 맛있는 처녀
20150410,73805.jpg,0.00,73805,그녀와의 섹스는 맛있다
20150408,133053.jpg,9.29,133053,아줌마...줌마들의반란
20150407,139407.jpg,10.00,139407,오렌지향 오후
20150406,139406.jpg,9.00,139406,김밥
20150405,139425.jpg,0.00,139425,가불병정
20150404,139405.jpg,0.00,139405,와이상
20150403,139427.jpg,0.00,139427,세번의 추신
20150402,139404.jpg,8.73,139404,쥐포
20150401,114281.jpg,8.54,114281,파고
20150392,149507.jpg,8.43,149507,살인게임
20150391,132832.jpg,7.63,132832,연애다큐
20150390,78181.jpg,0.00,78181,모래성
20150389,144510.jpg,0.00,144510,청춘의 눈물
20150388,144518.jpg,10.00,144518,당산
20150387,144513.jpg,8.00,144513,급식실 오디세이
20150386,144521.jpg,0.00,144521,결백
20150385,137908.jpg,8.38,137908,닌자터틀 : 어둠의 히어로
20150384,130460.jpg,8.29,130460,러브인베를린
20150383,144514.jpg,10.00,144514,소라의 하루
20150381,107378.jpg,7.75,107378,마이 미스트리스
20150380,144524.jpg,0.00,144524,러닝 포토스
20150379,115733.jpg,6.67,115733,3데이즈: 라스트 서바이벌
20150373,139401.jpg,9.00,139401,방과 후 티타임 리턴즈
20150372,139221.jpg,6.50,139221,서쪽바다
20150371,139220.jpg,3.50,139220,로보트:리바이벌
20150370,150548.jpg,0.00,150548,서랍 속의 시체
20150369,139218.jpg,0.00,139218,고길동의 방주
20150368,139216.jpg,0.00,139216,영상편지
20150367,150548.jpg,0.00,150548,"울라불라, 내 친구는 젤리짱"
20150366,139214.jpg,10.00,139214,매니아
20150365,155367.jpg,0.00,155367,금붕어
20150364,139212.jpg,0.00,139212,"이승민, 2015년 2월 28일"
20150363,150547.jpg,0.00,150547,우주보자기
20150362,150726.jpg,5.50,150726,참! 잘했어요
20150361,135869.jpg,10.00,135869,지금 당장 유학을 가야해!
20150345,144512.jpg,7.00,144512,슬로우 슬로우 퀵 퀵
20150344,144527.jpg,0.00,144527,무언가 사라졌다
20150343,152184.jpg,7.50,152184,태권 소녀
20150342,144519.jpg,0.00,144519,만덕
20150324,139428.jpg,7.00,139428,박강아름의 가장무도회
20150322,139429.jpg,4.00,139429,삶 13
20150303,145365.jpg,5.00,145365,아기호랑이 루나의 대모험
20150302,142238.jpg,6.00,142238,내 마음의 복제
20150301,113376.jpg,5.52,113376,말하지 못한 비밀
20150283,145357.jpg,3.05,145357,인류 멸종 - 좀비 바이러스
20150282,134180.jpg,2.90,134180,좀비들의 섬 - 데드 시즌
20150281,74483.jpg,10.00,74483,게이샤의 정사
20150264,93676.jpg,2.88,93676,사탄의 부활
20150262,133082.jpg,0.00,133082,신임여교사 미숙한진로지도
20150261,53097.jpg,6.47,53097,공자 춘추전국시대 감독판
20150259,143734.jpg,0.00,143734,오만원과 편견
20150258,139558.jpg,8.42,139558,홀리워킹데이
20150257,139544.jpg,0.00,139544,알리사와 나
20150255,139698.jpg,8.66,139698,리틀드래곤 코코넛
20150254,139543.jpg,0.00,139543,서툰 걸음
20150253,139542.jpg,0.00,139542,새로운 알림이 떴습니다
20150252,139541.jpg,0.00,139541,동그라미를 위하여
20150251,139540.jpg,0.00,139540,고양이와 함께하기 좋은날
20150250,129216.jpg,2.57,129216,하우스 오브 다크
20150249,139537.jpg,0.00,139537,26번째 봄
20150248,139534.jpg,1.00,139534,선미<善美>
20150247,139533.jpg,0.00,139533,물물교환
20150246,139532.jpg,0.00,139532,대면 - 거꾸로 선 용서를 위하여
20150245,139531.jpg,0.00,139531,백지
20150244,139530.jpg,10.00,139530,아벨라
20150243,139556.jpg,10.00,139556,신촌탱탱볼
20150242,100069.jpg,6.40,100069,드래곤 킹 레전드
20150241,159054.jpg,9.58,159054,21&
20150222,145663.jpg,8.79,145663,디지몬 어드벤처 트라이 제1장: 재회
20150221,133091.jpg,0.00,133091,아내의 비밀욕정 2 : 밀애
20150203,113344.jpg,8.34,113344,나우 유 씨 미 2
20150202,145364.jpg,0.00,145364,청순한 그녀: 육체관계
20150159,39758.jpg,4.50,39758,엘렉트라
20150157,149893.jpg,0.00,149893,마담 버터플라이
20150155,147366.jpg,7.81,147366,투란도트
20150153,129870.jpg,0.00,129870,룰루
20150151,148669.jpg,5.80,148669,오텔로
20150150,153404.jpg,0.00,153404,일 트로바토레
20150149,149289.jpg,9.07,149289,메리 크리스마스
20150148,162418.jpg,0.00,162418,나의 자전거
20150147,156359.jpg,0.00,156359,수영장
20150146,152447.jpg,0.00,152447,끈
20150145,150727.jpg,10.00,150727,자니 익스프레스
20150144,139763.jpg,0.00,139763,사든가 죽든가
20150142,139779.jpg,0.00,139779,제비
20150141,150547.jpg,0.00,150547,작은 겨울 모임
20150124,127362.jpg,8.24,127362,파라다이스 로스트: 마약 카르텔의 왕
20150123,99236.jpg,0.00,99236,더블 피크레
20150121,36423.jpg,0.00,36423,이건 사랑이야
20150119,139790.jpg,0.00,139790,R120 오스틴
20150117,139789.jpg,0.00,139789,천 개의 불상
20150113,162405.jpg,0.00,162405,순수
20150112,139792.jpg,0.00,139792,수렵 - 채집 모델
20150111,139787.jpg,0.00,139787,주그누
20150110,154745.jpg,0.00,154745,동지
20150109,163224.jpg,0.00,163224,시시포스
20150108,139782.jpg,0.00,139782,데스크루프
20150107,162031.jpg,0.00,162031,Run
20150106,82473.jpg,9.69,82473,말
20150104,139106.jpg,7.95,139106,호야와 토리: 드래곤 숲의 비밀
20150103,139784.jpg,0.00,139784,익스페리모션
20150101,145494.jpg,10.00,145494,뾰족뾰족 포크 가족: 틸리의 탄생
20150100,139795.jpg,0.00,139795,웬데 - 라스트 레지스탕스
20150099,139783.jpg,0.00,139783,DVA - 노 수르비
20150098,139796.jpg,0.00,139796,웬 걸즈 콜라이드
20150097,139781.jpg,0.00,139781,꼬르부 - 빌리브 더 라이
20150096,139785.jpg,0.00,139785,유 고 투게더 펀 송
20150095,139793.jpg,0.00,139793,샤워
20150093,136190.jpg,0.00,136190,베로베로
20150092,137672.jpg,0.00,137672,줄줄이 꿴 호랑이
20152661,140604.jpg,5.74,140604,하빈저 다운
20152643,104365.jpg,9.00,104365,데저트 댄서
20152642,126044.jpg,8.39,126044,아이히만 쇼
20152641,140833.jpg,7.77,140833,게이봉박두 4 RUMOR
20152621,134892.jpg,0.00,134892,우리가 잃어버릴 청춘
20152541,137944.jpg,3.12,137944,무수단
20152523,103236.jpg,7.00,103236,캠퍼스 어택 크리스티 처결단
20152522,139631.jpg,7.20,139631,에로틱 컴필레이션
20152521,108262.jpg,7.00,108262,쾌락지구 3
20152504,119867.jpg,4.91,119867,스노우 아마겟돈
20152503,134699.jpg,3.96,134699,뮤턴트 둠스데이
20152501,73957.jpg,4.55,73957,지구침략: 기계들의 반란
20152483,114244.jpg,7.65,114244,댓 어쿼드 모먼트-그 어색한 순간
20152482,140835.jpg,3.84,140835,도쿄아포칼립스: 최후의 결전
20152481,137583.jpg,5.69,137583,프롬 더 다크
20152461,136188.jpg,0.00,136188,에어메일
20152442,129867.jpg,7.62,129867,가부키초 러브호텔
20152441,111978.jpg,8.60,111978,폴레트의 수상한 베이커리
20152421,140126.jpg,0.00,140126,섹시한 마담의 은밀한 과거
20152402,155888.jpg,0.00,155888,업사이드 다운
20152382,127322.jpg,8.71,127322,폴링
20152381,141420.jpg,0.00,141420,트러블 트레블러
20152374,142110.jpg,8.50,142110,마트로 간 소년
20152373,154530.jpg,0.00,154530,Mrs. K
20152372,113145.jpg,8.46,113145,아마조니아
20152371,145292.jpg,8.68,145292,"당신, 거기 있어줄래요"
20152370,140011.jpg,4.13,140011,잡아야 산다
20152369,137951.jpg,6.54,137951,나홀로 휴가
20152368,129816.jpg,8.06,129816,인 허 플레이스
20152366,141506.jpg,0.00,141506,어느 커플의 마지막 날
20152365,141503.jpg,0.00,141503,지하주차장
20152364,141204.jpg,0.00,141204,고독한 사냥꾼
20152363,117304.jpg,8.25,117304,텐저린즈
20152361,141203.jpg,0.00,141203,핏줄기
20152359,141201.jpg,0.00,141201,블러디 윈터
20152358,155011.jpg,0.00,155011,여름의 끝
20152357,142091.jpg,10.00,142091,굿모닝 영화과
20152356,154806.jpg,0.00,154806,바퀴벌레
20152353,142090.jpg,9.00,142090,강우 이야기
20152352,142093.jpg,0.00,142093,얼마나 알고 계십니까
20152349,142095.jpg,0.00,142095,옥상자국
20152348,140644.jpg,0.00,140644,모성과 본능
20152346,142092.jpg,10.00,142092,더 스튜디오
20152344,160572.jpg,0.00,160572,타이거
20152342,140640.jpg,0.00,140640,어릿 광대를 보내주오
20152341,132159.jpg,0.00,132159,뛰어내리든지 살든지
20152339,140636.jpg,0.00,140636,슬래셔 무비를 위한 밤
20152338,136192.jpg,0.00,136192,카탈리나와 태양
20152336,140634.jpg,0.00,140634,턴 온
20152335,140633.jpg,0.00,140633,사랑의 자장가
20152333,140630.jpg,0.00,140630,벗겨진 살결
20152332,137197.jpg,0.00,137197,개미집
20152330,140625.jpg,0.00,140625,이웃집 소녀와 나
20152329,141541.jpg,0.00,141541,외계인이다
20152327,141509.jpg,0.00,141509,미술품 도난사건
20152301,159636.jpg,10.00,159636,산책
20152300,141511.jpg,0.00,141511,디스토피아
20152299,141510.jpg,0.00,141510,죽음의 화신 Dji.
20152298,141505.jpg,9.56,141505,우동's 브라더스
20152295,141504.jpg,0.00,141504,심신 I. 이원론/심신 II. 일원론
20152294,141515.jpg,10.00,141515,파발
20152293,161686.jpg,0.00,161686,서커스
20152292,141514.jpg,0.00,141514,균형잡기
20152291,141513.jpg,0.00,141513,앙상블 에피소드 시리즈
20152290,131030.jpg,0.00,131030,무한반복
20152289,160750.jpg,8.50,160750,암살교실
20152287,141519.jpg,0.00,141519,카운트다운! 탈출 시작
20152286,140641.jpg,9.60,140641,현도가
20152285,141518.jpg,9.00,141518,꿈꾸는 아이
20152284,141517.jpg,7.00,141517,철남
20152283,153731.jpg,10.00,153731,산
20152282,141516.jpg,0.00,141516,남의 꼬리를 탐하지 마라
20152280,141522.jpg,0.00,141522,슬럿
20152279,128486.jpg,8.70,128486,마리 이야기: 손끝의 기적
20152278,141521.jpg,0.00,141521,죽지못해 산다
20152277,141520.jpg,0.00,141520,아이를 찾아서
20152276,140637.jpg,0.00,140637,테이크 0
20152274,141525.jpg,0.00,141525,비비드
20152273,141524.jpg,0.00,141524,릴리의 살인마술
20152272,140635.jpg,10.00,140635,이퀄라이져
20152271,140632.jpg,0.00,140632,후 만나다
20152270,141523.jpg,0.00,141523,할로윈 캔디
20152269,140631.jpg,7.50,140631,은희
20152268,159819.jpg,10.00,159819,좋아해
20152267,140628.jpg,0.00,140628,녹색문
20152266,142585.jpg,0.00,142585,별이 빛나는 밤에
20152264,133000.jpg,6.62,133000,어느 하녀의 일기
20152263,140614.jpg,10.00,140614,안티고네
20152262,153423.jpg,5.91,153423,동창회의 목적
20152261,139610.jpg,6.33,139610,그리울 련
20152241,92574.jpg,5.05,92574,혈적자
20152237,144690.jpg,8.50,144690,해피 엔딩
20152236,54932.jpg,3.01,54932,하이킥 걸
20152235,134573.jpg,0.00,134573,파인더스 키퍼스
20152234,137435.jpg,8.70,137435,팅커벨 6: 네버비스트의 전설
20152233,133499.jpg,8.73,133499,그녀의 팔에 사랑을 새겨줘
20152232,101967.jpg,9.29,101967,토이 스토리 오브 테러
20152231,77228.jpg,10.00,77228,테크노타이즈: 에디트와 나
20152230,113389.jpg,9.33,113389,킬 더 메신저
20152229,112091.jpg,0.00,112091,쿵후
20152228,114716.jpg,6.00,114716,칠링 비전: 5 센스 오브 피어
20152227,137292.jpg,2.42,137292,칠드런 오브 좀비
20152226,90428.jpg,10.00,90428,창궁의 파프너 RIGHT OF LEFT
20152225,90429.jpg,7.00,90429,창궁의 파프너 Heaven and Earth
20152224,158546.jpg,10.00,158546,좋은 날
20152217,139112.jpg,0.00,139112,원월만도
20152216,108484.jpg,0.00,108484,워터멜론
20152214,158520.jpg,0.00,158520,엣지 오브 다크니스
20152204,158333.jpg,0.00,158333,블랙코드
20152203,110647.jpg,6.52,110647,불륜녀 죽이기
20152202,137014.jpg,7.69,137014,배트맨 vs. 로빈
20152185,162770.jpg,0.00,162770,매니
20152184,133133.jpg,2.00,133133,라스트카니발
20152183,129964.jpg,0.00,129964,라스트 데이 오브 썸머
20152182,126389.jpg,8.79,126389,무서운 집
20152181,127330.jpg,5.39,127330,똥례... 하면 죽는다
20152171,84917.jpg,8.19,84917,데카메론
20152170,118741.jpg,5.50,118741,데저트 선
20152169,129240.jpg,4.32,129240,데드 캠프 6
20152168,122461.jpg,8.10,122461,더 웨딩 링거
20152167,118976.jpg,7.23,118976,보이 넥스트 도어
20152166,41623.jpg,7.25,41623,당랑권법
20152165,42422.jpg,8.50,42422,단장의 검
20152164,137365.jpg,10.00,137365,누드걸스
20152163,65297.jpg,6.05,65297,다크 코너스
20152161,140112.jpg,0.00,140112,육체 간호의 시작
20152142,141532.jpg,10.00,141532,Happy Birthday to You
20152206,108532.jpg,1.00,108532,슈퍼 탱커
20152205,96949.jpg,5.95,96949,블루라군 : 더 어웨이크닝
20152141,141531.jpg,0.00,141531,들리지 않은 세상에서 가장 아름다운 소리
20152127,141530.jpg,10.00,141530,수능 전夜
20152126,141529.jpg,10.00,141529,곧 휴가
20152125,133064.jpg,7.71,133064,와일드 인 블루
20152124,141528.jpg,10.00,141528,강아지 똥
20152123,141527.jpg,0.00,141527,아름다운 10대를 보내기 위한 가장 아름다운 방법
20152122,141526.jpg,0.00,141526,변기에서 휴지까지
20152121,114278.jpg,6.23,114278,리그레션
20152113,146193.jpg,8.24,146193,연인들
20152111,25279.jpg,9.00,25279,소림사 18동인 2
20152109,140125.jpg,0.00,140125,할 때까지 안 보낼꺼야
20152107,139647.jpg,0.00,139647,사랑할 때 사랑받을 때
20152106,140146.jpg,0.00,140146,농염한 정사 - 젖은 속옷
20152105,140721.jpg,5.76,140721,"시발, 놈: 인류의 시작"
20152104,140147.jpg,0.00,140147,술집 거유녀와 이쁜이
20152102,133072.jpg,0.00,133072,남편은 없어-미망인의 정사
20152101,70313.jpg,0.00,70313,정사 4
20152100,139645.jpg,0.00,139645,풍만한 마리아의 가슴
20152093,140145.jpg,0.00,140145,오늘은 너랑 - 초보간호사
20152092,139646.jpg,0.00,139646,아내가 사랑한 여름 - 정사
20152091,133068.jpg,0.00,133068,백합의 유혹-섹스리스의 해결
20152090,41861.jpg,7.00,41861,냉혈응왕
20152088,105556.jpg,8.33,105556,50 to 1
20152087,136812.jpg,0.00,136812,3윅스 투 데이토나
20152086,151547.jpg,9.52,151547,그대
20152085,122668.jpg,4.80,122668,03:34 대지진
20152083,121107.jpg,0.00,121107,완전한 노예
20152082,135871.jpg,0.00,135871,섹스 오브 더 데드
20152081,121106.jpg,0.00,121106,닥터X - 유혹의 마작
20152078,137652.jpg,0.00,137652,벌레아이
20152076,140599.jpg,10.00,140599,고구마 가족
20152075,140598.jpg,10.00,140598,더 스크립
20152073,159161.jpg,0.00,159161,피셔맨
20152072,140595.jpg,0.00,140595,당신의 뜻
20152071,135425.jpg,0.00,135425,아트 오브 제스처
20152068,136562.jpg,0.00,136562,의문의 사립 학교
20152067,140593.jpg,6.00,140593,생선 소스 향기
20152066,136178.jpg,0.00,136178,안야는 저승사자
20152065,140592.jpg,7.00,140592,인턴십
20152064,138204.jpg,5.45,138204,필름시대사랑
20152041,133111.jpg,4.18,133111,남편만 몰라요
20152021,135407.jpg,0.00,135407,불륜 고백 무삭제판
20151982,140200.jpg,0.00,140200,애피소드
20151981,149542.jpg,4.22,149542,동창생
20151965,102365.jpg,4.00,102365,스니치 : 마약과의 전쟁
20151964,134136.jpg,8.48,134136,명탐정 코난 : 화염의 해바라기
20151963,141177.jpg,2.70,141177,더 샌드
20151962,122615.jpg,7.99,122615,블러바드
20151961,159068.jpg,10.00,159068,그녀
20151947,116066.jpg,0.00,116066,태양의 아들
20151946,137959.jpg,8.36,137959,설화
20151945,23416.jpg,5.00,23416,파란 이별의 글씨
20151944,162556.jpg,0.00,162556,스톱
20151943,43278.jpg,0.00,43278,인 올드 시카고
20151942,140573.jpg,0.00,140573,스나이퍼의 관찰법
20151941,30403.jpg,9.50,30403,위대한 카루소
20151901,122629.jpg,8.51,122629,디올 앤 아이
20151885,145478.jpg,7.33,145478,아이다
20151884,127865.jpg,7.38,127865,런던 해즈 폴른
20151883,133078.jpg,5.00,133078,에로스
20151882,138261.jpg,7.10,138261,쾌락지구X
20151861,139600.jpg,7.08,139600,나도 때론 포르노그라피의 주인공이고 싶다
20151842,160586.jpg,0.00,160586,홀로코스트
20151841,119166.jpg,7.07,119166,굿 메리지
20151821,118933.jpg,8.05,118933,러브 앤 머시
20151815,140139.jpg,8.38,140139,뮨: 달의 요정
20151814,156086.jpg,0.00,156086,코펜하겐
20151813,115969.jpg,3.66,115969,바이킹덤-신과의 전쟁 무삭제판
20151803,97692.jpg,8.63,97692,쿵푸팬더3
20151784,152267.jpg,10.00,152267,고백
20151783,133071.jpg,6.48,133071,드래곤 포스 극장판
20151782,140199.jpg,6.51,140199,지금은맞고그때는틀리다
20151781,151932.jpg,0.00,151932,피그
20151763,125352.jpg,8.00,125352,살람 시네마
20151762,115704.jpg,9.67,115704,클라이드
20151761,118398.jpg,4.46,118398,빅 게임
20151724,128077.jpg,10.00,128077,버드나무아이
20151722,86771.jpg,10.00,86771,포차치차이
20151721,139707.jpg,0.00,139707,모험을 떠나자
20151701,89265.jpg,7.33,89265,알바레즈 형제: 마약왕을 제거하라
20151681,125483.jpg,5.17,125483,두 여자의 남자
20151649,115387.jpg,0.00,115387,슬로푸드 이야기
20151647,115702.jpg,7.00,115702,종푸스: 요리대전
20151645,83299.jpg,8.79,83299,초콜릿 로맨스
20151643,92315.jpg,10.00,92315,브라씨 부자의 맛있는 가업 잇기
20151641,133045.jpg,7.27,133045,일급 살인
20151623,139523.jpg,8.73,139523,앙: 단팥 인생 이야기
20151621,12466.jpg,7.83,12466,담뽀뽀
20151521,118376.jpg,7.78,118376,셀프/리스
20151501,46448.jpg,8.13,46448,사랑을 위한 여행
20151482,131384.jpg,7.95,131384,종이 달
20151481,100643.jpg,7.63,100643,헝거게임: 더 파이널
20151422,139650.jpg,6.70,139650,에덴 : 동물원 사수 대작전
20151421,144770.jpg,0.00,144770,에베레스트
20151401,125405.jpg,8.43,125405,더 리치
20151383,129049.jpg,8.41,129049,마션
20151382,147040.jpg,0.00,147040,더 디너
20151381,136032.jpg,4.40,136032,학교괴담 : 저주의 언령
20151361,119331.jpg,6.40,119331,작전명: 베른하르트
20151348,144716.jpg,8.00,144716,낯선 하루
20151347,154374.jpg,0.00,154374,재회
20151343,132161.jpg,0.00,132161,외출
20151342,20008.jpg,0.00,20008,바람그늘
20151341,148188.jpg,0.00,148188,Welcome to My Life
20151332,139852.jpg,0.00,139852,신스 인발리드
20151329,133059.jpg,0.00,133059,렛미인
20151328,140719.jpg,7.97,140719,시절인연
20151327,139850.jpg,0.00,139850,"엡센스 : 노 팻, 노 팸스, 노 아시안스"
20151326,161247.jpg,0.00,161247,레이스
20151325,134592.jpg,0.00,134592,프로필
20151324,139839.jpg,0.00,139839,프라그마
20151323,162090.jpg,0.00,162090,진
20151322,139847.jpg,0.00,139847,레지스테렉토미
20151320,139838.jpg,10.00,139838,그래도 살아간다
20151319,132161.jpg,0.00,132161,외출
20151318,139846.jpg,0.00,139846,FU377
20151317,161686.jpg,0.00,161686,서커스
20151316,144213.jpg,9.99,144213,"좋아해, 너를"
20151315,161325.jpg,7.00,161325,여배우들
20151313,139834.jpg,0.00,139834,당신과 나의 집
20151312,139844.jpg,0.00,139844,블랙 페이퍼
20151311,150707.jpg,0.00,150707,해피엔드
20151310,139843.jpg,0.00,139843,미드썸머 인 파리
20151309,134054.jpg,0.00,134054,레이디 오브 더 나이트
20151306,136118.jpg,10.00,136118,비자르
20149436,83641.jpg,8.84,83641,올-스타 슈퍼맨
20149434,144374.jpg,0.00,144374,프리저 번
20149433,75234.jpg,6.03,75234,카붐
20149432,107026.jpg,5.58,107026,구화영웅
20149377,162394.jpg,0.00,162394,파이어스톰
20149376,155370.jpg,10.00,155370,감기
20149375,53287.jpg,8.31,53287,라라피포
20149374,98481.jpg,7.08,98481,홈프론트-가족을 지켜라
20149373,151674.jpg,9.40,151674,일어나
20149372,95334.jpg,7.15,95334,사보타지
20148848,107500.jpg,4.30,107500,예고살인자
20148847,103770.jpg,7.17,103770,밀리언 웨이즈
20148845,154676.jpg,0.00,154676,스물
20148842,121090.jpg,7.20,121090,우리는 형제입니다
20148841,123470.jpg,6.80,123470,헬머니
20148840,123053.jpg,7.64,123053,자유의 언덕
20148837,153642.jpg,9.56,153642,침묵의 목격자
20148836,91948.jpg,6.67,91948,내 아내의 행복한 장례식
20148835,100916.jpg,6.53,100916,케이트 맥콜
20148834,101248.jpg,8.65,101248,베스트 오퍼
20148833,124101.jpg,7.00,124101,마지막 지상낙원
20148832,123996.jpg,7.17,123996,우포늪의 사람들
20148831,154427.jpg,0.00,154427,타이어
20148830,113170.jpg,8.86,113170,마담 프루스트의 비밀정원
20148829,103708.jpg,8.23,103708,가구야공주 이야기
20148828,123995.jpg,7.00,123995,할머니가 간다!
20148827,123997.jpg,0.00,123997,베이비붐 차일드
20148826,153812.jpg,0.00,153812,스틸 라이프
20148825,121255.jpg,0.00,121255,쌀의 노래
20148824,124102.jpg,5.00,124102,양쯔강 연가
20148823,123999.jpg,7.00,123999,세상에서 가장 안전한 핵발전소
20148822,123994.jpg,0.00,123994,사라지는 계곡
20148821,121390.jpg,0.00,121390,우리는 이길 필요가 없다
20148820,123457.jpg,9.50,123457,댐네이션 - 댐이 사라지면
20148819,121380.jpg,9.50,121380,교향곡 42번
20148817,113076.jpg,0.00,113076,죽음의 해안
20148816,123993.jpg,0.00,123993,구름을 만드는 산
20148815,123992.jpg,0.00,123992,숲의 장막이 걷히면 - 레드우드 국립공원
20148814,97706.jpg,5.70,97706,헬벤더스: 최후의 성전
20148813,92462.jpg,6.00,92462,레퀴엠 포 어 킬러
20148812,53129.jpg,7.29,53129,팀퍼틸 아이들
20148811,122028.jpg,10.00,122028,러버스 가이드
20148809,51957.jpg,8.30,51957,우리 집에 왜 왔니?
20148808,99809.jpg,8.35,99809,랄프 스테드먼 스토리: 이상한 나라의 친구들
20148807,90589.jpg,8.92,90589,엣지 오브 투모로우
20148806,123029.jpg,0.00,123029,탈의실습격사건
20148805,123049.jpg,5.00,123049,폭유! 과격한 관계
20148804,123021.jpg,0.00,123021,절정의 훔쳐보기
20148803,123045.jpg,0.00,123045,편의점 여알바
20148802,123028.jpg,0.00,123028,조교부부교실
20148801,125131.jpg,7.64,125131,천 번을 불러도
20148800,132769.jpg,0.00,132769,"용순, 열 여덟 번째 여름"
20148799,122181.jpg,0.00,122181,잔학기
20148798,101099.jpg,8.59,101099,헬로우 헤르만
20148797,103644.jpg,4.41,103644,추격
20148795,136872.jpg,8.85,136872,미녀와 야수
20148794,161672.jpg,0.00,161672,스모크
20148793,130765.jpg,5.79,130765,함정
20148792,143674.jpg,0.00,143674,꼭두각시
20148791,113363.jpg,9.00,113363,세개의 거울
20148790,123044.jpg,0.00,123044,순진한 예비신부의 학원정사
20148789,123043.jpg,1.00,123043,AV배우였던 아내의 비밀
20148788,154637.jpg,0.00,154637,갈림길
20148787,141437.jpg,8.00,141437,그들의 첫번째 영화
20148785,121178.jpg,4.38,121178,글레디에이터 폼페이
20148783,83977.jpg,7.00,83977,더 라스트 빅 씽
20148782,117016.jpg,7.00,117016,더 로컬
20148781,117263.jpg,5.00,117263,동풍우
20148780,122087.jpg,6.20,122087,드래곤볼Z 4th : 손오공은 슈퍼사이어인
20148779,122086.jpg,6.75,122086,드래곤볼Z 5th : 상상을 초월한 최강 VS 최강
20148778,74030.jpg,7.40,74030,레드 테일스
20148776,89725.jpg,5.22,89725,맨 오브 타이 치
20148775,117491.jpg,8.80,117491,백조 공주 : 왕가의 비밀
20148774,123032.jpg,0.00,123032,소녀의 음란한 밀회
20148773,108491.jpg,7.20,108491,브레이킹 더 걸
20148772,96823.jpg,9.70,96823,하우스풀 2
20148771,99753.jpg,8.50,99753,스튜던트 오브 더 이어
20148770,43095.jpg,6.74,43095,사랑 만들기
20148768,118622.jpg,2.67,118622,솔리드 스테이트
20148767,94291.jpg,0.00,94291,수호전 - 청면수 양지
20148764,101668.jpg,9.41,101668,어떤 마술의 금서목록 극장판-엔듀미온의 기적
20148763,93095.jpg,8.67,93095,특수요원:살인면허
20148762,97721.jpg,8.57,97721,와즈다
20148761,106035.jpg,5.95,106035,웰컴 투 더 정글
20148760,146087.jpg,0.00,146087,익스플로링 러브
20148759,114137.jpg,8.38,114137,잭애스 프레젠트 : 배드 그랜파
20148757,88501.jpg,5.95,88501,마지막 파티
20148756,116041.jpg,3.10,116041,SX 테잎
20148755,140731.jpg,9.05,140731,질주
20148754,124169.jpg,8.33,124169,의자 위의 남자
20148753,110635.jpg,3.44,110635,캐리
20148752,130765.jpg,5.79,130765,함정
20148751,86896.jpg,7.80,86896,내 어머니의 연대기
20148750,123018.jpg,3.30,123018,킬엠올
20148749,122030.jpg,7.00,122030,2014 베를린 필하모닉 유로파 콘서트
20148748,159068.jpg,10.00,159068,그녀
20148747,34381.jpg,7.00,34381,잡가소수
20148745,116799.jpg,7.76,116799,좋은 친구들
20148744,153219.jpg,6.50,153219,숨
20148743,120079.jpg,6.80,120079,스퀴시랜드
20148742,156637.jpg,3.00,156637,지하세계
20148740,83198.jpg,0.00,83198,뉴욕의 선창
20148739,18493.jpg,8.67,18493,푸른 천사
20148738,122027.jpg,0.00,122027,불명예
20148737,43319.jpg,8.00,43319,상하이 익스프레스
20148735,86850.jpg,8.86,86850,악마는 여자다
20148734,93328.jpg,6.75,93328,죄와 벌
20148733,66171.jpg,0.00,66171,상하이 제스처
20148732,124912.jpg,10.00,124912,마카오
20148731,105265.jpg,3.00,105265,아나타한
20148730,119871.jpg,4.30,119871,F.O.E.: 에프.오.이.
20148728,123050.jpg,7.81,123050,창문 넘어 도망친 100세 노인
20148727,113305.jpg,7.00,113305,바라: 축복
20148714,123025.jpg,6.14,123025,수호지: 명포배선
20148713,129108.jpg,0.00,129108,후일담
20148712,123636.jpg,0.00,123636,어둠의 방
20148711,96333.jpg,2.88,96333,방콕 킥복서
20148709,92285.jpg,2.50,92285,경멸
20148708,122031.jpg,6.75,122031,토스카나 웨딩
20148707,123033.jpg,0.00,123033,미나의 비밀 섹스
20148705,124130.jpg,9.50,124130,드루이드 피크
20148699,104514.jpg,0.00,104514,위시 피쉬!
20148698,123027.jpg,5.99,123027,젊은 엄마 2
20148692,161738.jpg,0.00,161738,해피니스
20148690,115505.jpg,5.00,115505,잔다라 더 피날레
20148689,113084.jpg,5.00,113084,강가에서
20148688,121024.jpg,4.50,121024,자유 낙하
20148628,122545.jpg,9.00,122545,쾌걸 조로리의 공룡알을 지켜라
20148627,123386.jpg,9.30,123386,누구에게나 찬란한
20148626,100828.jpg,7.42,100828,나의 독재자
20148625,115521.jpg,7.35,115521,망대
20148624,123385.jpg,0.00,123385,너를 부르마
20148623,123388.jpg,8.26,123388,블랙딜
20148561,122893.jpg,0.00,122893,나중에 전화해 주세요
20148560,122894.jpg,0.00,122894,은밀한 몸짓
20148559,80484.jpg,10.00,80484,나만의 밤
20148558,122896.jpg,0.00,122896,카스피안 신부
20148557,122897.jpg,0.00,122897,이오아나
20148556,158515.jpg,0.00,158515,편지
20148550,81661.jpg,3.29,81661,너티 프로페서
20148549,101975.jpg,6.88,101975,플러쉬
20148548,112020.jpg,6.82,112020,펜트하우스 노스
20148547,74623.jpg,6.81,74623,무비 43
20148535,120093.jpg,3.72,120093,가자! 장미여관으로 2 - 갈증
20148534,122042.jpg,7.36,122042,신촌좀비만화
20148533,122886.jpg,10.00,122886,교대
20148531,122888.jpg,0.00,122888,입술 훔치기
20148530,122889.jpg,0.00,122889,평범한 목요일
20148529,122890.jpg,0.00,122890,스탕카 집으로 가다
20148528,122879.jpg,0.00,122879,예루살렘으로의 여행
20148527,154868.jpg,0.00,154868,우산
20148526,159532.jpg,0.00,159532,엄마와 아들
20148525,122881.jpg,0.00,122881,완전한 죽음
20148524,122882.jpg,0.00,122882,2층
20148523,122883.jpg,0.00,122883,시계추
20148522,122884.jpg,0.00,122884,아이폰 할머니
20148521,157053.jpg,0.00,157053,타마라
20148519,149829.jpg,6.02,149829,데이라이트
20148518,110125.jpg,8.61,110125,거꾸로 된 파테마
20148517,82926.jpg,5.83,82926,여자의 정사
20148516,145826.jpg,0.00,145826,데드라인
20148515,94293.jpg,0.00,94293,린다
20148514,122874.jpg,0.00,122874,30분도 모자라
20148512,146186.jpg,8.80,146186,춤
20148511,157404.jpg,5.50,157404,오로라
20148510,87386.jpg,0.00,87386,트라볼타와 춤을
20148509,122878.jpg,0.00,122878,아이 엠 쏘리
20148508,122865.jpg,0.00,122865,이자벨의 귀환
20148507,158555.jpg,9.10,158555,마리오네트
20148506,122867.jpg,0.00,122867,오디션의 재료
20148505,122868.jpg,0.00,122868,조에
20148504,122869.jpg,0.00,122869,우리였던 섬
20148502,122871.jpg,8.00,122871,시험 운전
20148501,88647.jpg,0.00,88647,리틀 파이터스
20148500,122860.jpg,0.00,122860,데이트 주식회사
20148499,122861.jpg,8.00,122861,아버지 아들 그리고 안나
20148498,152090.jpg,5.00,152090,룸메이트
20148497,122862.jpg,7.00,122862,열린 문
20148496,162453.jpg,0.00,162453,벽
20148495,122864.jpg,4.00,122864,이모셔널 폴리스
20148494,123012.jpg,9.50,123012,"의궤, 8일간의 축제 3D"
20148493,98438.jpg,8.32,98438,어벤져스: 에이지 오브 울트론
20148492,120062.jpg,4.00,120062,은밀하게 음란하게
20148491,123318.jpg,0.00,123318,어느 계약직 여성노동자 이야기
20148490,123313.jpg,0.00,123313,니가 필요해
20148489,123314.jpg,0.00,123314,대한문을 지켜라
20148488,123315.jpg,0.00,123315,대한민국어버이연합
20148487,123323.jpg,5.50,123323,Take The Power Back
20148486,123319.jpg,0.00,123319,완장
20148485,123317.jpg,0.00,123317,안녕들하십니까
20148484,123316.jpg,10.00,123316,무노조서비스
20148483,123320.jpg,0.00,123320,지금 여기 함께 손잡고
20148482,149146.jpg,10.00,149146,공장
20148481,140295.jpg,0.00,140295,20년
20148480,123322.jpg,0.00,123322,아임 로드 뷰어
20148479,123312.jpg,0.00,123312,녹두꽃이 떨어지면
20148478,156338.jpg,9.00,156338,살지 않는 집
20148477,123309.jpg,0.00,123309,4:3 그 곳
20148476,162611.jpg,0.00,162611,리멤버링
20148475,87467.jpg,0.00,87467,라이트콘 - 리빙 심메트리
20148474,123310.jpg,0.00,123310,925장의 부산타워
20148473,71049.jpg,0.00,71049,또 하나의 소실점
20148472,122850.jpg,8.00,122850,아버지씨
20148471,122853.jpg,0.00,122853,"엄마, 다시 봄"
20148470,122852.jpg,0.00,122852,알럼
20148469,122849.jpg,0.00,122849,아라비아인과 낙타
20148467,109304.jpg,8.60,109304,자기만의 방
20148463,110675.jpg,7.58,110675,신부의 아이들
20148462,84187.jpg,3.77,84187,왕의 이름으로 2
20148461,122916.jpg,6.75,122916,살인의뢰
20148460,122195.jpg,3.86,122195,서울역
20148459,144685.jpg,8.37,144685,아저씨
20148458,122846.jpg,8.00,122846,그림 그리는 해녀
20148457,125853.jpg,6.84,125853,씨 없는 수박 김대중
20148456,122855.jpg,9.40,122855,"전봇대, 당신"
20148455,122856.jpg,0.00,122856,'0'의 사회
20148454,122848.jpg,0.00,122848,삐 소리가 울리면
20148453,114924.jpg,0.00,114924,전람회의 그림
20148452,122857.jpg,0.00,122857,An Urban Story
20148451,123713.jpg,0.00,123713,그의 선택
20148450,133210.jpg,0.00,133210,한걸음
20148449,142242.jpg,7.02,142242,산다
20148448,130033.jpg,0.00,130033,독립의 조건
20148447,161355.jpg,4.13,161355,일대일
20148438,46660.jpg,4.60,46660,거울에 비친 마음 : 디지털 삼인삼색2004
20148437,133142.jpg,0.00,133142,의미의 탐색 : 디지털 삼인삼색 2003
20148435,32399.jpg,0.00,32399,디지털 삼인삼색 2001
20148426,123307.jpg,0.00,123307,경계에 서다
20148425,99592.jpg,4.00,99592,백만 번 산 고양이
20148424,98280.jpg,8.77,98280,액트 오브 킬링
20148423,112003.jpg,0.00,112003,선거 2
20148414,73597.jpg,7.00,73597,미라클맨
20148412,86783.jpg,7.56,86783,마녀사냥꾼
20148411,120097.jpg,0.00,120097,도쿄 파이브 걸
20148410,120096.jpg,0.00,120096,불륜 온천 여행
20148409,155631.jpg,0.00,155631,그녀들의 사생활
20148395,120098.jpg,3.57,120098,나이트 오브 더 데드
20148394,123001.jpg,3.23,123001,러브멘토
20148393,153741.jpg,0.00,153741,마술사
20148392,132354.jpg,8.00,132354,팬티도둑
20148391,154587.jpg,0.00,154587,너에게
20148390,126379.jpg,6.00,126379,라보엠
20148389,122039.jpg,8.56,122039,친밀한 가족
20148387,122842.jpg,10.00,122842,늘샘천축국뎐
20148386,122843.jpg,8.33,122843,이로 인해 그대는 죽지 않을 것이다
20148385,122845.jpg,8.40,122845,퍼스트 댄스
20148384,145382.jpg,8.00,145382,그림자들의 섬
20148383,92003.jpg,8.21,92003,말레피센트
20148381,119565.jpg,9.18,119565,60만번의 트라이
20148380,120100.jpg,4.60,120100,수호지-강철 보갑
20148379,68753.jpg,0.00,68753,코만치 스테이션
20148378,122050.jpg,0.00,122050,렉스 다이아몬드의 흥망성쇠
20148377,68752.jpg,6.00,68752,외로이 달리다
20148376,68751.jpg,6.50,68751,부캐넌의 고독한 질주
20148375,68750.jpg,0.00,68750,선다운의 결전
20148374,108514.jpg,5.00,108514,킬러 풀려나다
20148687,161661.jpg,0.00,161661,에너미
20148686,113993.jpg,7.39,113993,오큘러스
20148685,115510.jpg,7.07,115510,조류인간
20148684,102397.jpg,9.50,102397,센트로 히스토리코
20148683,124208.jpg,0.00,124208,바이 바이 브라질
20148681,107382.jpg,7.77,107382,차가운 장미
20148680,29067.jpg,0.00,29067,영혼의 나무
20148679,124210.jpg,7.00,124210,몽유의 땅
20148678,97942.jpg,0.00,97942,내가 마지막 본 마카오
20148677,118582.jpg,0.00,118582,베아트리스의 전쟁
20148676,123389.jpg,8.87,123389,잡식가족의 딜레마
20148675,119985.jpg,5.33,119985,극장판 헌터X헌터 : 더 라스트 미션
20148674,144530.jpg,10.00,144530,집으로 간다
20148673,124137.jpg,0.00,124137,유언
20148672,124135.jpg,6.00,124135,낙진
20148670,123395.jpg,5.91,123395,피해자들
20148669,121062.jpg,0.00,121062,구름다리
20148668,123384.jpg,4.18,123384,귀접
20148667,123390.jpg,5.80,123390,친애하는 지도자동지께
20148665,157482.jpg,4.36,157482,피의 복수
20148664,123023.jpg,5.50,123023,하펫 꿈나라 모험
20148663,109401.jpg,4.67,109401,탑캣: 뉴욕 대소동
20148656,114600.jpg,9.00,114600,워터마크
20148655,119251.jpg,0.00,119251,루이스 사르노의 숲의 노래
20148653,96248.jpg,6.00,96248,얀 베르트랑의 여행: 목마른 대지
20148652,98763.jpg,7.00,98763,새틀라이트 보이
20148651,101925.jpg,8.29,101925,프린스 아발란체
20148650,124104.jpg,0.00,124104,인간 vs 쓰레기
20148649,120059.jpg,5.73,120059,영주의 애인
20148648,119914.jpg,8.83,119914,극장판 루팡 3세 VS 명탐정 코난
20148636,123998.jpg,10.00,123998,프랙킹 - 죽음의 정원
20148635,102305.jpg,7.86,102305,킹 오브 썸머
20148634,146942.jpg,0.00,146942,디렉터스 컷
20148632,33141.jpg,9.00,33141,빛바랜 천사
20148631,124117.jpg,9.11,124117,미라클 여행기
20148630,116368.jpg,4.04,116368,피의 만우절
20148629,92058.jpg,4.29,92058,엠파이어 스테이트
20148622,123040.jpg,6.50,123040,패밀리 S다이어리
20148621,103646.jpg,4.63,103646,레이즈:데스매치
20148620,156970.jpg,0.00,156970,악사들
20148619,120067.jpg,5.40,120067,레디액션 청춘
20148618,144183.jpg,8.88,144183,미성년
20148617,119552.jpg,0.00,119552,포항
20148616,123381.jpg,8.64,123381,새출발
20148615,123013.jpg,4.48,123013,히트맨 NO.2 : 살인면허
20148614,123034.jpg,4.40,123034,런어웨이걸의 정사
20148613,123017.jpg,6.00,123017,수호지: 천하대인
20148612,83101.jpg,4.55,83101,귀신을 보는 눈: 동안
20148611,117296.jpg,0.00,117296,치한버스
20148610,120035.jpg,0.00,120035,음란한 하숙집 여주인
20148609,94356.jpg,8.17,94356,나스 수트케이스의 철새
20148607,112090.jpg,7.61,112090,인생은 새옹지마
20148605,115703.jpg,8.44,115703,엄마와 나 그리고 나의 커밍아웃
20148604,126324.jpg,5.38,126324,어레스트 미
20148603,112029.jpg,7.36,112029,쇼트피스
20148602,119457.jpg,7.35,119457,이브 생 로랑
20148601,123382.jpg,8.00,123382,호산나
20148600,122381.jpg,0.00,122381,보이콧 선언
20148599,160552.jpg,0.00,160552,노네임
20148598,122379.jpg,0.00,122379,거대한 태양이 다가온다
20148596,122377.jpg,8.50,122377,"로망, 그레꼬로망"
20148595,122376.jpg,7.00,122376,루이스 자네티의 영화의 이해
20148594,122375.jpg,5.00,122375,풍진
20148593,161364.jpg,0.00,161364,집
20148592,122374.jpg,8.73,122374,12번째 보조사제
20148591,122373.jpg,7.00,122373,롤러블레이드
20148590,116882.jpg,9.00,116882,마침내 날이 샌다
20148589,94264.jpg,9.66,94264,페이퍼맨
20148588,123026.jpg,5.78,123026,미조
20148587,123377.jpg,6.95,123377,그댄 나의 뱀파이어
20148578,123302.jpg,0.00,123302,할머니가 남긴 것
20148577,161038.jpg,0.00,161038,카우보이와 인디언
20148576,150977.jpg,0.00,150977,수지
20148575,156322.jpg,9.33,156322,레시피
20148574,123010.jpg,0.00,123010,마이 와이프의 은밀한 제안
20148573,123036.jpg,8.00,123036,여동생의 금지된 욕망
20148572,140107.jpg,0.00,140107,치한열차
20148571,137295.jpg,8.67,137295,완벽한 남자
20148570,143746.jpg,10.00,143746,페이지23
20148568,122900.jpg,0.00,122900,노르웨이 스시집
20148567,123301.jpg,0.00,123301,두브라바에서 내가 제일 잘 나가
20148566,108327.jpg,10.00,108327,런치 데이트
20148562,122892.jpg,0.00,122892,나를 사랑한 단 한사람
20148555,122060.jpg,7.75,122060,수호지-강호의 장청
20148554,117411.jpg,6.11,117411,베요네타-블러디 페이트
20148553,54977.jpg,7.68,54977,내 심장을 쏴라
20148552,122963.jpg,6.62,122963,미션 13
20148551,143295.jpg,5.50,143295,넥스트 제네레이션 패트레이버
20148373,13652.jpg,0.00,13652,투우사와 숙녀
20148372,122045.jpg,0.00,122045,나이나와 상카르의 시네마 천국
20148371,122046.jpg,0.00,122046,"은둔의 땅, 무스탕"
20148370,123019.jpg,0.00,123019,어떤 귀향
20148369,123324.jpg,0.00,123324,신과 재혼한 여인들
20148368,114299.jpg,0.00,114299,보이지 않는 전쟁-인도 비하르 리포트
20148356,143436.jpg,6.04,143436,악령
20148354,102846.jpg,7.84,102846,시베리안 에듀케이션
20148353,75502.jpg,7.80,75502,상해전기
20148352,103361.jpg,10.00,103361,가브리엘
20148350,109898.jpg,8.41,109898,일로 일로
20148349,100973.jpg,8.03,100973,타인의 멜로디
20148348,46132.jpg,7.88,46132,슈퍼히어로의 진실
20148347,122056.jpg,6.90,122056,마이 블랭키
20148328,120094.jpg,3.89,120094,포르노 메이커
20148307,147944.jpg,10.00,147944,자장가
20148306,128393.jpg,0.00,128393,싱글 파더
20148305,146094.jpg,0.00,146094,어두운 숲
20148304,100016.jpg,8.33,100016,오스틴랜드
20148303,122080.jpg,0.00,122080,와일드 플라워
20148302,95594.jpg,6.00,95594,테리 메리 카하아니
20148301,104635.jpg,6.75,104635,웨딩 플라이트
20148300,125345.jpg,0.00,125345,인 어 월드
20148298,148996.jpg,9.77,148996,친구
20148297,81678.jpg,9.40,81678,더 클라이언트 리스트
20148296,143041.jpg,0.00,143041,패스터
20148295,113421.jpg,9.50,113421,"헬로우,뉴욕"
20148294,159293.jpg,0.00,159293,홈 랜드
20148293,154807.jpg,0.00,154807,홈런
20148292,16794.jpg,6.00,16794,흑전사 블랙 엔젤
20148291,117290.jpg,10.00,117290,진구세주전설 북두의 권 토키전
20148290,159529.jpg,5.50,159529,스캔들
20148289,124097.jpg,0.00,124097,레전드 메이커
20148288,158496.jpg,4.52,158496,황제암살단
20148287,123290.jpg,0.00,123290,하이힐 전쟁
20148278,161401.jpg,0.00,161401,표류
20148277,121592.jpg,6.20,121592,몬스터 왕국
20148276,122073.jpg,7.78,122073,오기와 악동들 더 무비
20149548,161049.jpg,0.00,161049,모멘트
20149547,144766.jpg,0.00,144766,Cherry Blossom
20149546,127199.jpg,0.00,127199,Sounds Good
20149545,138712.jpg,0.00,138712,점핑
20149544,127120.jpg,8.20,127120,팡이요괴
20149543,142585.jpg,0.00,142585,별이 빛나는 밤
20149542,133177.jpg,3.39,133177,나는 야한 여자가 좋다
20149541,126312.jpg,6.19,126312,발광하는 현대사
20149540,102279.jpg,5.26,102279,빙봉협: 중생지문
20149539,126329.jpg,5.50,126329,크래쉬 랜딩
20149538,126328.jpg,2.77,126328,잭과 자이언트 킬러 2014
20149537,132779.jpg,0.00,132779,똘
20149536,132783.jpg,3.88,132783,몽테뉴와 함께 춤을
20149535,161500.jpg,9.83,161500,Wake
20149533,154029.jpg,8.86,154029,엄마의
20149532,127182.jpg,8.00,127182,아무도 듣지 못한 시
20149531,127181.jpg,0.00,127181,Royal Life
20149530,156953.jpg,0.00,156953,Modern Times
20149529,143539.jpg,7.58,143539,마거리트
20149528,81974.jpg,6.02,81974,언더 더 스킨
20149527,155684.jpg,0.00,155684,란
20149526,127177.jpg,9.67,127177,딜라일라
20149524,127175.jpg,10.00,127175,감각적 공해
20149523,105329.jpg,9.09,105329,극장판 꽃이 피는 첫걸음 : 홈 스위트 홈
20149522,127174.jpg,10.00,127174,"새벽, 국경에서"
20149521,122178.jpg,8.25,122178,잉어의 계략
20149520,101999.jpg,7.65,101999,모스트 원티드 맨
20149519,148678.jpg,2.85,148678,불면증
20149516,127168.jpg,0.00,127168,여로 : 기억의 밤
20149515,126327.jpg,4.10,126327,무예타이 갱
20149514,156750.jpg,0.00,156750,다우더
20149513,127166.jpg,0.00,127166,60마일의 사나이
20149512,116694.jpg,8.67,116694,테이스팅 메뉴
20149511,103752.jpg,4.01,103752,분신사바 2
20149510,122168.jpg,10.00,122168,iBaby
20149509,127163.jpg,10.00,127163,남근선망
20149508,156894.jpg,0.00,156894,타임머신
20149507,125324.jpg,0.00,125324,완전 사랑해서 그런거야
20149506,127155.jpg,9.00,127155,코인룸
20149505,127154.jpg,10.00,127154,슈우웅
20149494,125837.jpg,6.00,125837,비포 : 치즈와 초콜릿을 찾아서
20149492,144441.jpg,3.91,144441,개아빠
20149491,126001.jpg,8.46,126001,기화
20149490,128192.jpg,0.00,128192,웨일 오브 어 다큐멘터리
20149489,124212.jpg,7.78,124212,레버넌트
20149488,108018.jpg,3.50,108018,갱스 오브 브루클린
20149487,122038.jpg,0.00,122038,고스트 오브 세인트
20149486,127148.jpg,0.00,127148,열차에서 만난 여사
20149484,85539.jpg,8.33,85539,그들의 상식
20149483,93138.jpg,7.00,93138,드래곤볼Z 10th : 위험한 두 사람!! 슈퍼 전사는 잠들지 않는다!
20149216,134730.jpg,0.00,134730,젊은 이상
20149214,115531.jpg,8.14,115531,정글걸
20149213,152970.jpg,0.00,152970,조심해
20149212,145357.jpg,3.05,145357,좀비 바이러스
20149211,48154.jpg,7.95,48154,"짱구는 못말려 : 전설을 부르는 춤을 춰라, 아미고!"
20149209,146090.jpg,0.00,146090,책처럼 당신을 읽다
20149207,74182.jpg,8.04,74182,치명적 유혹
20149206,13081.jpg,10.00,13081,침략 전선
20149205,122093.jpg,6.17,122093,코드네임 코브라
20149204,117931.jpg,6.65,117931,콜드 컴즈 더 나잇
20149203,100923.jpg,9.00,100923,헤트 봄바르드먼트
20149202,52492.jpg,7.00,52492,특수부대: 정글의 전쟁
20149201,100985.jpg,6.32,100985,테오레마
20149200,104677.jpg,9.57,104677,패밀리 위켄드
20149199,146385.jpg,3.53,146385,패스트
20149198,120087.jpg,0.00,120087,페요의 세상으로부터 스머프 행성 까지
20149192,123042.jpg,0.00,123042,은밀한 사육
20149191,123078.jpg,0.00,123078,에바-최종병기유이
20149190,23905.jpg,0.00,23905,이방인의 집
20149189,95217.jpg,7.60,95217,다섯 손가락
20149188,29891.jpg,7.67,29891,맨발의 백작부인
20149187,143181.jpg,3.25,143181,꿀단지
20149186,155352.jpg,0.00,155352,발자국
20149185,123067.jpg,7.00,123067,레슨 인 러브
20149184,79854.jpg,7.50,79854,욕망의 하녀
20149178,141539.jpg,6.67,141539,기억부검
20149177,121825.jpg,0.00,121825,로드하우섬의 기적
20149176,124128.jpg,0.00,124128,함께 산다는 것
20149175,124129.jpg,0.00,124129,미드나잇 블루
20149174,124131.jpg,0.00,124131,네이처 하우스
20149173,124121.jpg,0.00,124121,대지의 아이들
20149172,124119.jpg,0.00,124119,웩! 우리 학교 급식을 고발합니다
20149171,159813.jpg,8.72,159813,다이아몬드
20149170,124124.jpg,0.00,124124,물고기와 소년
20149163,124127.jpg,0.00,124127,극지에서 보내는 편지
20149162,124112.jpg,0.00,124112,화목한 수레
20149161,124110.jpg,8.75,124110,부엉이의 눈
20149160,152008.jpg,0.00,152008,바람이 우리를 데려다 주리라
20149159,124116.jpg,0.00,124116,달의 동네
20149158,124113.jpg,8.00,124113,하얀 자전거
20149157,124111.jpg,0.00,124111,옥수동
20149156,149050.jpg,8.82,149050,수면
20149155,96940.jpg,8.32,96940,극장판 날아라! 호빵맨 : 바나나섬을 되찾아줘
20149154,124140.jpg,0.00,124140,코끼리와 잡초
20149153,124142.jpg,0.00,124142,희망의 맹그로브 - 미얀마의 경우
20149152,158898.jpg,9.86,158898,오렌지
20149151,154716.jpg,0.00,154716,배들의 무덤
20149150,124141.jpg,0.00,124141,마른 바다의 늑대선장
20149149,124144.jpg,0.00,124144,에코폴리스 차이나
20149148,114699.jpg,0.00,114699,버터 램프
20149143,120584.jpg,9.33,120584,여자만화 구두
20149142,112604.jpg,8.75,112604,돈 카를로
20149141,157813.jpg,0.00,157813,로크
20149140,115503.jpg,6.88,115503,브릭 맨션: 통제불능 범죄구역
20149125,111486.jpg,7.44,111486,천국에 다녀온 소년
20149120,149545.jpg,4.10,149545,인터스텔라
20149119,123079.jpg,3.33,123079,진격의애인-카렌을위해
20149118,125119.jpg,0.00,125119,희야
20149117,125121.jpg,0.00,125121,회문
20149116,125112.jpg,0.00,125112,황소개구리
20149115,144681.jpg,0.00,144681,황무지
20149114,125107.jpg,6.00,125107,"족장, 발 디딜 곳"
20149113,125123.jpg,0.00,125123,저주의 몫
20149112,162429.jpg,0.00,162429,장례식
20149111,125097.jpg,9.67,125097,이음편집실
20149110,125116.jpg,0.00,125116,오늘 너는
20149109,124114.jpg,0.00,124114,알 수 없는 슬픔이 있어
20149108,125118.jpg,10.00,125118,"안녕, 여름"
20149107,125101.jpg,0.00,125101,아리수신화
20149106,93989.jpg,4.95,93989,인 데어 스킨
20149105,155846.jpg,0.00,155846,소음의 소음
20149104,125111.jpg,0.00,125111,성장판
20149103,125122.jpg,0.00,125122,미지의 섬
20149102,97681.jpg,8.24,97681,키리시마가 동아리활동 그만둔대
20149101,125114.jpg,8.25,125114,명희
20149100,125095.jpg,7.14,125095,만일의 세계
20149099,114261.jpg,7.95,114261,더 기버: 기억전달자
20149098,125098.jpg,10.00,125098,마피아 게임
20149097,125127.jpg,7.50,125127,라오스
20149096,125106.jpg,7.00,125106,디스크 조각모음
20149095,125105.jpg,0.00,125105,달팽이관
20149094,125110.jpg,10.00,125110,높이뛰기
20149093,125096.jpg,0.00,125096,노포동
20149092,125108.jpg,10.00,125108,내 마음에 주단을 깔고
20149081,82891.jpg,4.22,82891,47 로닌
20149080,102307.jpg,6.88,102307,A.C.O.D.
20149079,152885.jpg,7.00,152885,고발
20149078,107668.jpg,8.00,107668,고스트 팀 원
20149075,12565.jpg,6.67,12565,까치소리
20149073,100620.jpg,8.29,100620,베스트 맨 홀리데이
20149072,73361.jpg,4.00,73361,데드맨 러닝
20149071,89234.jpg,4.50,89234,데시 보이즈
20149070,138180.jpg,0.00,138180,딜리버리 맨
20149068,142511.jpg,8.00,142511,열일곱
20149066,34382.jpg,7.83,34382,투 워리어스
20149065,123073.jpg,0.00,123073,노예 토리코
20149064,103653.jpg,8.03,103653,온리 포 유
20149062,118408.jpg,7.38,118408,연애의 맛
20149061,113635.jpg,8.65,113635,레이드 2
20149060,30390.jpg,8.00,30390,다윗과 밧세바
20149059,10338.jpg,6.26,10338,북경의 55일
20149058,150067.jpg,7.40,150067,피크닉
20149057,122042.jpg,7.36,122042,너를 봤어
20149056,159181.jpg,0.00,159181,유령
20149055,86815.jpg,7.45,86815,무사 노보우: 최후의 결전
20149054,123070.jpg,5.44,123070,대지진 2014
20149053,130914.jpg,6.09,130914,죽음의 천사
20149037,99096.jpg,5.98,99096,주피터 어센딩
20149036,103188.jpg,8.67,103188,투 머더즈
20149035,114030.jpg,0.00,114030,텔아비브의 여름
20149034,124808.jpg,0.00,124808,인 더 네임 오브
20149033,119742.jpg,10.00,119742,오픈 업 투 미
20149031,104119.jpg,0.00,104119,비바람을 헤친 긴 사랑
20149030,113159.jpg,8.50,113159,바이올렛: 그녀의 뜨거운 삶
20149029,147124.jpg,0.00,147124,본 디스 웨이
20149028,90951.jpg,0.00,90951,모스끼따와 마리
20149026,125145.jpg,5.40,125145,너이길 원해
20149024,96694.jpg,0.00,96694,킹 켈리
20149023,108160.jpg,9.40,108160,그와 그녀 사이
20149022,125677.jpg,0.00,125677,봄과 여름 사이
20149021,102203.jpg,8.03,102203,익스트랙티드
20149020,100075.jpg,7.76,100075,깨끗하고 연약한
20149019,124135.jpg,6.00,124135,낙진
20149018,124135.jpg,6.00,124135,낙진
20149017,124136.jpg,7.00,124136,지구 어디에도 없는 곳을 찾아서
20149016,123052.jpg,8.44,123052,반 고흐: 위대한 유산
20149015,124134.jpg,0.00,124134,자작나무 거리에서 길을 잃다
20149014,124139.jpg,0.00,124139,아비타
20149013,114050.jpg,8.45,114050,왈츠 포 모니카
20148996,159455.jpg,0.00,159455,파커
20148995,108728.jpg,7.11,108728,강시: 리거모티스
20148994,98446.jpg,7.62,98446,님포매니악 볼륨1
20148993,125321.jpg,10.00,125321,루치펠
20148992,154544.jpg,0.00,154544,날개
20148991,52687.jpg,0.00,52687,나에게도 아내가 생겼습니다
20148990,83950.jpg,0.00,83950,유카타
20148989,83946.jpg,10.00,83946,나의 첫 김치
20148988,94004.jpg,0.00,94004,이주여성의 체류이야기
20148987,93495.jpg,0.00,93495,"엄마, 학교에 가야한다구요?"
20148986,125191.jpg,0.00,125191,마흔 일곱
20148985,125190.jpg,0.00,125190,"정거장 위, 꽃이 피다"
20148984,140599.jpg,10.00,140599,고구마
20148983,99715.jpg,9.39,99715,파라다이스
20148982,123565.jpg,9.24,123565,반짝이는 박수 소리
20148980,149843.jpg,0.00,149843,멘토
20148979,125185.jpg,10.00,125185,스승의 은혜
20148978,125184.jpg,0.00,125184,사생
20148977,135874.jpg,9.27,135874,커밍 홈
20148976,122516.jpg,7.15,122516,호비와 쿠우의 어드벤처 : 고래의 노래
20148975,125183.jpg,10.00,125183,똥과의례
20148974,134934.jpg,0.00,134934,옥사나
20148973,99740.jpg,8.53,99740,혹성탈출: 반격의 서막
20148972,125182.jpg,10.00,125182,설렘주의보
20148971,125153.jpg,10.00,125153,잃어버린 것들
20148970,116726.jpg,0.00,116726,도쿄 할로윈 나이트
20148969,125181.jpg,10.00,125181,파라다이스 완성의 공식
20148968,125180.jpg,10.00,125180,Comma
20148967,123055.jpg,4.56,123055,침입자들 : 로봇의 역습
20148966,108043.jpg,8.28,108043,월 스트리트: 분노의 복수
20148965,129064.jpg,8.80,129064,칼릴
20148963,125150.jpg,0.00,125150,로드사이드 엠바니스
20148962,125149.jpg,0.00,125149,짱깨
20148961,153961.jpg,9.80,153961,인터뷰
20148960,125147.jpg,0.00,125147,기적의 아이들
20148959,108920.jpg,0.00,108920,두 시간이 넘도록
20148958,125144.jpg,0.00,125144,알레그리아 -인도주의로의 여행
20148957,107962.jpg,9.85,107962,용서
20148956,125100.jpg,0.00,125100,비상등
20148955,125142.jpg,0.00,125142,마그네티즘
20148954,125141.jpg,0.00,125141,컴퓨터 포테이토
20148953,146987.jpg,0.00,146987,피아니스트
20148951,155970.jpg,0.00,155970,우화
20148950,125136.jpg,0.00,125136,노 러브 로스트
20148949,160579.jpg,0.00,160579,발코니
20148948,125102.jpg,9.33,125102,절경
20148929,161100.jpg,0.00,161100,좀비스쿨
20148927,117863.jpg,3.81,117863,맨홀
20148926,117510.jpg,10.00,117510,"곤충, 위대한 본능"
20148925,115153.jpg,7.86,115153,울프 앳 더 도어
20148924,125178.jpg,9.75,125178,다정하게 바삭바삭
20148916,123063.jpg,7.83,123063,음란한 밀회-이웃집 유부녀
20148915,125168.jpg,0.00,125168,데이문
20148914,125188.jpg,0.00,125188,좀도둑
20148913,124455.jpg,0.00,124455,"밀양, 반가운 손님"
20148912,125135.jpg,0.00,125135,카운팅 해피니스
20148910,144681.jpg,0.00,144681,황무지
20148909,140731.jpg,9.05,140731,분노하라
20148908,108908.jpg,9.00,108908,황금우리
20148907,107102.jpg,0.00,107102,댄싱 인 자파
20148906,122507.jpg,7.67,122507,사랑은 소설처럼
20148905,132606.jpg,9.31,132606,파랑새
20148904,102356.jpg,10.00,102356,큐티 앤드 더 복서
20148903,125133.jpg,8.60,125133,바세코의 아이들
20148902,125132.jpg,10.00,125132,죽음보다 강한 사랑-손양원
20148901,122032.jpg,6.14,122032,프랑스인 김명실
20148900,158181.jpg,10.00,158181,소나기
20148899,139464.jpg,0.00,139464,휠체어
20148898,130061.jpg,0.00,130061,춘곤증
20148897,125103.jpg,0.00,125103,"토요일 밤, 일요일 아침"
20148896,150067.jpg,7.40,150067,피크닉
20148894,130407.jpg,6.00,130407,무말랭이
20148891,160822.jpg,0.00,160822,케스
20148890,24132.jpg,9.17,24132,하층민들
20148889,122200.jpg,7.00,122200,한 끼의 식사
20148888,103185.jpg,0.00,103185,어느 남편의 부인 살리기
20148887,158858.jpg,0.00,158858,앳 홈
20148886,98701.jpg,4.00,98701,제5계절
20149482,120081.jpg,8.40,120081,드래곤볼Z 13th : 용권 폭발!! 손오공이 안 하면 누가 하랴!
20149481,122085.jpg,7.25,122085,드래곤볼Z 6th : 격돌!! 100억 파워의 전사들!
20149480,123006.jpg,0.00,123006,누군가의 아내
20149479,112611.jpg,4.31,112611,다크 피드
20149478,146092.jpg,0.00,146092,다트워스
20149477,122040.jpg,2.55,122040,더 카운트다운
20149476,137887.jpg,6.11,137887,블러드 워
20149475,153629.jpg,0.00,153629,더 틱
20149474,106911.jpg,4.00,106911,레전드 오브 네티아
20149473,127147.jpg,0.00,127147,사랑의 대화
20149472,122082.jpg,0.00,122082,링 마이 벨
20149471,123005.jpg,0.00,123005,만남의 카페
20149470,20756.jpg,10.00,20756,맨발의 영광
20149469,108710.jpg,3.25,108710,미친가족
20149467,123095.jpg,8.79,123095,봄봄
20149466,103213.jpg,5.00,103213,슛 더 히어로
20149465,141638.jpg,0.00,141638,아름다운 인생
20149463,102314.jpg,7.34,102314,찰리 컨트리맨
20149462,126317.jpg,6.67,126317,천하무적 키코리키
20149461,126322.jpg,9.00,126322,야쿠자의세계-언더그라운드
20149460,125834.jpg,6.22,125834,왓니껴
20149459,127036.jpg,7.62,127036,어떤 만남
20149458,123085.jpg,7.77,123085,픽업 아티스트
20149457,127188.jpg,7.77,127188,선지자의 밤
20149456,127130.jpg,6.71,127130,아무 것도 사라지지 않는다
20149455,127118.jpg,8.00,127118,악심
20149452,126323.jpg,0.00,126323,여고생 간병인
20149451,126508.jpg,3.94,126508,유오성의 7인의 암살단
20149450,150878.jpg,0.00,150878,Something
20149449,162401.jpg,0.00,162401,룸
20149448,112933.jpg,0.00,112933,브로큰 타임
20149446,108366.jpg,0.00,108366,스코피
20149444,70702.jpg,0.00,70702,도살꾼
20149442,98750.jpg,8.25,98750,땡스 포 쉐어링
20149441,107987.jpg,6.79,107987,내 연애의 기억
20149440,95329.jpg,7.11,95329,앵커맨: 더 레전드 컨티뉴
20149439,25359.jpg,8.26,25359,알라딘 3 - 알라딘과 도둑의 왕
20149438,161952.jpg,0.00,161952,어웨이큰
20149437,122076.jpg,7.00,122076,에레나전기공업
20149431,85352.jpg,6.00,85352,레이디 겜블러
20149430,122077.jpg,0.00,122077,위층 여자와 아래층 남자
20149429,122078.jpg,0.00,122078,이어링
20149427,62220.jpg,7.00,62220,창 속의 여인
20149426,122075.jpg,0.00,122075,새를 봐
20149425,122059.jpg,9.00,122059,코끼리의 한숨
20149424,113233.jpg,7.17,113233,콜드워터
20149422,113856.jpg,5.97,113856,파라노말 액티비티 : 더 마크드 원스
20149421,100985.jpg,6.32,100985,제로법칙의 비밀
20149419,32967.jpg,7.09,32967,쓰리 메모리즈
20149418,126320.jpg,6.06,126320,둠스데이 지구 최후의 날
20149417,126319.jpg,8.05,126319,숲의 전설
20149416,123098.jpg,10.00,123098,소녀 리오의 욕망
20149415,100977.jpg,7.95,100977,쿰바: 반쪽무늬 얼룩말의 대모험
20149411,159242.jpg,0.00,159242,조
20149410,152576.jpg,0.00,152576,스탠드업
20149409,84217.jpg,7.67,84217,오드토머스
20149408,162049.jpg,0.00,162049,더 파이트
20149407,158555.jpg,9.10,158555,마리오네트
20149406,126747.jpg,10.00,126747,배드 버그
20149405,130104.jpg,0.00,130104,클로젯
20149404,126746.jpg,9.25,126746,아귀
20149403,159551.jpg,0.00,159551,가면무도회
20149402,129888.jpg,0.00,129888,카프리치오
20149401,125841.jpg,8.38,125841,스폰지밥 3D
20149400,126764.jpg,6.00,126764,한국관광
20149399,126763.jpg,8.33,126763,고요의 바다
20149398,126769.jpg,6.00,126769,완벽한 액션
20149397,103330.jpg,7.39,103330,할리데이
20149396,146873.jpg,10.00,146873,삼고초려
20149395,123035.jpg,9.00,123035,인 마이 포켓
20149394,124042.jpg,6.35,124042,주온 : 끝의 시작
20149393,126766.jpg,8.55,126766,담피소
20149392,126767.jpg,8.00,126767,판매왕 문구동
20149391,125325.jpg,7.80,125325,간절기
20149390,126762.jpg,10.00,126762,컷글라스 그릇
20149389,126761.jpg,8.75,126761,그 밤의 술 맛
20149388,87678.jpg,7.54,87678,사막에서 연어낚시
20149387,149796.jpg,6.67,149796,아너
20149386,156108.jpg,0.00,156108,빈집
20149384,23191.jpg,3.82,23191,청일전쟁과 여걸 민비
20149383,143169.jpg,0.00,143169,애상
20149381,107111.jpg,7.01,107111,더 머쉰
20149380,100088.jpg,8.52,100088,묻지마 사랑
20149379,21058.jpg,0.00,21058,벽 속의 여자
20149378,115230.jpg,7.60,115230,모라토리움기의 다마코
20149371,102818.jpg,7.74,102818,하이힐(디렉터스컷)
20149370,126755.jpg,9.00,126755,23℃
20149369,159557.jpg,9.33,159557,단발머리
20149368,126754.jpg,0.00,126754,비행소녀
20149367,161404.jpg,0.00,161404,당신
20149366,132807.jpg,0.00,132807,체어맨
20149365,126752.jpg,9.75,126752,일등급이다
20149364,150028.jpg,0.00,150028,트리오
20149363,150093.jpg,0.00,150093,좋아요
20149362,105241.jpg,10.00,105241,진우네
20149356,49833.jpg,3.67,49833,아이 엠 오메가
20149355,123069.jpg,4.44,123069,멀린 : 마법전사와 용의 기사단
20149354,126306.jpg,0.00,126306,섹시바의 비밀
20149353,126310.jpg,0.00,126310,전망좋은 빌라
20149352,126307.jpg,0.00,126307,불륜과 달콤한 애인
20149351,126308.jpg,0.00,126308,신입사원 간보기
20149348,37132.jpg,9.33,37132,독고탁 태양을 향해 던져라
20148885,114059.jpg,0.00,114059,"이반, 아미르의 아들"
20148884,121265.jpg,0.00,121265,필 마이 러브
20148883,120690.jpg,5.00,120690,카사 그란데
20148882,114064.jpg,0.00,114064,다른 집
20148881,104776.jpg,9.40,104776,린새니티
20148880,119647.jpg,9.43,119647,리치힐
20148879,114057.jpg,9.50,114057,라이프 필스 굿
20148878,158908.jpg,0.00,158908,몬스터즈
20148877,94133.jpg,8.04,94133,그레이스 오브 모나코
20148876,158266.jpg,8.28,158266,소동
20148875,124108.jpg,0.00,124108,습격! 불법 양계장 단속반
20148874,146068.jpg,0.00,146068,어메이징 그레이스
20148873,104529.jpg,0.00,104529,헬리콥터 만들기
20148871,124106.jpg,0.00,124106,적도의 만년설 - 르웬조리 국립공원
20148869,161555.jpg,0.00,161555,타르
20148868,124103.jpg,0.00,124103,"베니스, 내 사랑"
20148867,113074.jpg,0.00,113074,비지아
20148861,149542.jpg,4.22,149542,하룻밤
20148860,124922.jpg,4.45,124922,원나잇 온리
20148859,123059.jpg,0.00,123059,도쿄 엘리베이터걸
20148858,123060.jpg,0.00,123060,감금의 제국
20148857,145305.jpg,0.00,145305,야쿠자의 여인
20148856,122024.jpg,9.50,122024,프라하 봄 페스티벌
20148855,122120.jpg,8.08,122120,극비수사
20148853,122029.jpg,3.00,122029,배꼽과 무릎사이
20148852,76040.jpg,2.35,76040,둠스데이 2014
20148846,149269.jpg,6.77,149269,사도
20149504,127150.jpg,10.00,127150,진우네 209
20149501,119591.jpg,9.86,119591,사선의 끝
20149500,143596.jpg,0.00,143596,Water Puppet - 커튼 뒤의 비밀
20149499,133055.jpg,6.00,133055,긴 밤
20149496,148627.jpg,5.50,148627,일어서는 인간
20149495,103743.jpg,8.57,103743,춘하추동 로맨스
20149345,157551.jpg,0.00,157551,몬순
20149344,91964.jpg,5.94,91964,어바웃 체리
20149343,98447.jpg,7.76,98447,님포매니악 볼륨2
20149340,123417.jpg,3.45,123417,넥스트 제네레이션 패트레이버 2
20149319,126302.jpg,0.00,126302,뜨거운 온천장의 정사
20149318,126304.jpg,0.00,126304,만원버스 속 그녀
20149317,127398.jpg,9.60,127398,가디언즈 오브 갤럭시
20149316,119490.jpg,6.33,119490,참호전: 포비든 그라운드
20149315,134728.jpg,2.62,134728,아이스 투모로우
20149314,121788.jpg,8.98,121788,내부자들
20149313,110649.jpg,8.33,110649,드래프트 데이
20149312,135959.jpg,3.60,135959,살인캠프
20149311,93234.jpg,6.83,93234,우리 사랑하는 동안
20149310,76971.jpg,7.94,76971,앨버트놉스
20149309,73518.jpg,3.00,73518,잃어버린 세계-지구 속으로
20149308,121747.jpg,9.20,121747,극장판: 타이거 앤 버니 -더 라이징-
20149307,123100.jpg,6.19,123100,로코왕국의 전설: 엘프킹을 찾아서
20149300,123096.jpg,5.50,123096,치한조교-아야의 여행
20149299,119105.jpg,3.42,119105,파일 : 4022일의 사육
20149298,122009.jpg,4.65,122009,어우동: 주인 없는 꽃
20149297,105763.jpg,0.00,105763,그 여름의 정사
20149296,120780.jpg,8.25,120780,쿠크하트 : 시계심장을 가진 소년
20149295,96973.jpg,4.33,96973,스마일리
20149294,73430.jpg,7.33,73430,2014 지구 최후의 날
20149293,123074.jpg,10.00,123074,에리카의 애욕
20149292,97642.jpg,5.75,97642,음모자들
20149290,123072.jpg,5.00,123072,논스톱 액시던트
20149289,123099.jpg,5.74,123099,여배우 공작단
20149288,119294.jpg,6.36,119294,더 시그널
20149287,94112.jpg,6.71,94112,덤 앤 더머 투
20149286,123094.jpg,7.38,123094,로보싸커
20149285,123250.jpg,4.38,123250,코드 레드
20149284,103273.jpg,8.49,103273,천번의 굿나잇
20149283,123093.jpg,0.00,123093,거유 치한극장
20149282,123092.jpg,0.00,123092,꽃잎의 기모노부인
20149281,123091.jpg,0.00,123091,그녀의 애걸사항
20149280,125432.jpg,1.00,125432,산티니의 말
20149279,142530.jpg,7.22,142530,인 더 섀도우
20149278,117306.jpg,0.00,117306,흘러간 나날들
20149277,109822.jpg,6.67,109822,타오르는 불씨
20149276,111514.jpg,0.00,111514,모두 착한 사람들
20149275,123087.jpg,7.00,123087,위험한 공범
20149274,123068.jpg,5.50,123068,캠걸
20149273,118389.jpg,4.88,118389,덤벨스
20149272,123080.jpg,0.00,123080,덤프걸의 섹스
20149271,143353.jpg,6.41,143353,나쁜 이웃들
20149270,97855.jpg,7.41,97855,테레즈 라캥
20149269,71672.jpg,8.48,71672,아이 킬드 마이 마더
20149268,79578.jpg,6.50,79578,하카마다사건-일본판변호인
20149266,162526.jpg,0.00,162526,차이나타운
20149265,117790.jpg,7.14,117790,기술자들
20149264,138576.jpg,8.72,138576,춘희막이
20149262,120091.jpg,8.04,120091,마네의 제비꽃 여인: 베르트 모리조
20149261,117852.jpg,0.00,117852,워터 프론트
20149260,93684.jpg,9.14,93684,매직 오브 벨 아일
20149259,119600.jpg,5.29,119600,막걸스
20149258,119510.jpg,8.73,119510,작은 형
20149257,123014.jpg,4.63,123014,설계
20149255,123066.jpg,0.00,123066,미사의 앞치마정사
20149254,123046.jpg,0.00,123046,마리의 카타르시스
20149253,123048.jpg,0.00,123048,성인돌의 향기
20149252,123022.jpg,0.00,123022,금단의 과외실습
20149251,123020.jpg,0.00,123020,사케 불륜정사
20149250,123082.jpg,9.00,123082,톰행크스의 일렉트릭시티
20149249,123065.jpg,0.00,123065,성인돌 양성강좌
20149248,106557.jpg,7.10,106557,선샤인 온 리스
20149247,119581.jpg,5.45,119581,행오버 게임
20149246,84975.jpg,5.67,84975,리틀 고비
20149245,122412.jpg,7.50,122412,라스트 더 맥스
20149244,54370.jpg,7.56,54370,램페이지 : 더 테러리스트
20149242,122417.jpg,5.86,122417,배드 컨트리
20149241,88203.jpg,9.20,88203,배트맨: 이어 원
20149240,100936.jpg,7.42,100936,베터 리빙 스루 케미스트리
20149239,121190.jpg,7.75,121190,브로드웨이 경찰들
20149238,10930.jpg,8.17,10930,브로드웨이의 대니 로즈
20149237,146091.jpg,0.00,146091,브로큰 윈도우
20149236,134753.jpg,0.00,134753,브로큰 펜스
20149235,107739.jpg,0.00,107739,블랙 데스
20149233,146089.jpg,0.00,146089,사랑을 찾아서
20149232,87561.jpg,0.00,87561,마우삼
20149230,121191.jpg,3.50,121191,쇼걸2
20149229,30848.jpg,7.36,30848,순애보
20149228,10175.jpg,8.43,10175,스탠리와 아이리스
20149227,86001.jpg,0.00,86001,스피크 업
20149226,119572.jpg,4.46,119572,아이스 솔저스
20149225,101063.jpg,6.79,101063,어드미션
20149224,154613.jpg,10.00,154613,어머니
20149223,100205.jpg,9.20,100205,어쌔신
20149221,122141.jpg,6.88,122141,우슈 워리어
20149220,29392.jpg,5.00,29392,웰컴 투 사라예보
20149219,35169.jpg,8.14,35169,이반의 어린 시절
20149218,128543.jpg,0.00,128543,일탈
20149217,71218.jpg,7.68,71218,전시의 겨울
20149169,124123.jpg,0.00,124123,21세기 노인과 바다
20149168,124120.jpg,0.00,124120,칸타와 할아버지
20149167,124122.jpg,0.00,124122,필린의 소중한 숲
20149166,124125.jpg,0.00,124125,부엌 대소동
20149165,105516.jpg,0.00,105516,딸기가 좋아
20149164,124126.jpg,0.00,124126,엄마숲
20149091,144362.jpg,10.00,144362,나의 소리
20149090,125109.jpg,0.00,125109,곱슬머리 귀신 겨루
20149089,125125.jpg,0.00,125125,겨울 영화
20149088,125126.jpg,9.71,125126,개집에 묶인 사람들
20149087,100104.jpg,4.63,100104,관능소녀 복수단
20149082,122982.jpg,4.45,122982,야누스
20149012,115269.jpg,0.00,115269,"마지막 정거장, 유령 굴뚝"
20149011,124133.jpg,0.00,124133,사무엘 크롬의 저주
20149010,124132.jpg,0.00,124132,망자의 고백
20149009,87470.jpg,0.00,87470,열두풍경
20149008,98481.jpg,7.08,98481,홈프론트-하드액션
20148997,144771.jpg,10.00,144771,동경가족
20148923,125124.jpg,0.00,125124,탈리타쿰
20148922,125104.jpg,0.00,125104,뮤즈가 나에게 준 건 잠수병이었다
20148921,154611.jpg,9.25,154611,별이다
20148920,125176.jpg,10.00,125176,잠자리
20148919,125174.jpg,10.00,125174,여자도둑
20148918,123054.jpg,0.00,123054,뱀파이어걸의 정사
20148851,160750.jpg,8.50,160750,암살
20148850,123041.jpg,10.00,123041,닌자걸의 정사
20148849,123051.jpg,3.04,123051,슈퍼스톰
20147133,70682.jpg,0.00,70682,반짝이던 날의 기억
20147132,88032.jpg,7.18,88032,도노반스 에코
20147131,162598.jpg,0.00,162598,더 웨이
20147130,154007.jpg,0.00,154007,타투
20147129,138067.jpg,0.00,138067,패션왕
20147128,92202.jpg,9.00,92202,조율
20147118,71392.jpg,0.00,71392,칼리무통으로 가는 길
20147117,141184.jpg,10.00,141184,도살
20147114,120434.jpg,0.00,120434,마일스톤즈
20147113,63993.jpg,8.75,63993,풀어헤쳐진 말들
20147112,31673.jpg,9.50,31673,유령과 뮤어 부인
20147111,29427.jpg,8.00,29427,사탄탱고
20147110,144769.jpg,7.31,144769,세일러복과 기관총
20147109,120435.jpg,9.00,120435,영혼의 목소리
20147108,108904.jpg,8.36,108904,호수의 이방인
20147107,53602.jpg,9.81,53602,남과 북
20147102,120007.jpg,8.30,120007,문감독 예고편 : 40MIN
20147100,52795.jpg,9.50,52795,경북 문경으로 시작하는 짧은 주소
20147099,52894.jpg,7.25,52894,우유와 자장면
20147098,54598.jpg,9.33,54598,바나나 향기
20147097,52719.jpg,0.00,52719,외가
20147096,89724.jpg,6.22,89724,프랑켄슈타인: 불멸의 영웅
20147095,72410.jpg,9.00,72410,내 청춘을 돌려다오
20147093,115838.jpg,0.00,115838,테이크 플레이스
20147092,52722.jpg,0.00,52722,ACT OF LIFE
20147091,75958.jpg,0.00,75958,노동자의 태양
20147090,126814.jpg,10.00,126814,오후 3시
20147089,117277.jpg,1.00,117277,마지막 떡국열차
20147088,156087.jpg,10.00,156087,들개들
20145521,118361.jpg,7.56,118361,엑스 마키나
20145507,130903.jpg,7.95,130903,검사외전
20145506,120165.jpg,7.95,120165,해어화
20145487,157754.jpg,0.00,157754,소장님의 결혼
20145486,154147.jpg,0.00,154147,소시민
20145485,132788.jpg,10.00,132788,소월길
20145484,132787.jpg,7.00,132787,결혼전야
20145483,132782.jpg,10.00,132782,영화인의 외모에 관한 고찰
20145482,127459.jpg,8.09,127459,바람의 검심 : 전설의 최후편
20145481,127767.jpg,8.18,127767,바람의 검심 : 교토 대화재편
20145474,132778.jpg,7.20,132778,사원증
20145473,132777.jpg,10.00,132777,내가 했습니다
20145472,123468.jpg,10.00,123468,애타는 마음
20145471,128425.jpg,0.00,128425,디지털 랜드스케이핑
20145470,132776.jpg,9.00,132776,Divorced
20145469,130526.jpg,9.50,130526,클린 미
20145468,132775.jpg,0.00,132775,슬로우 라이프
20145467,132773.jpg,9.33,132773,조문
20145466,122179.jpg,8.50,122179,차가운 밤에
20145465,131477.jpg,9.50,131477,고등어
20145464,113955.jpg,7.65,113955,엔드 오브 디 어스
20145463,134806.jpg,8.54,134806,세비야의 이발사
20145462,113165.jpg,8.18,113165,이다
20145441,135401.jpg,0.00,135401,콜롬비아 커넥션 -마약 수사대-
20145421,146077.jpg,0.00,146077,귀로
20145403,161872.jpg,0.00,161872,킬러스
20145402,131100.jpg,8.12,131100,옐로우버드
20145401,141541.jpg,0.00,141541,외계인들
20145396,124031.jpg,7.65,124031,널 기다리며
20145392,132966.jpg,0.00,132966,키스보다 야한 욕정
20145391,132967.jpg,5.00,132967,츠보미의 아로마 오일마사지
20145390,132968.jpg,0.00,132968,돌싱녀의 성접대의혹
20145389,131407.jpg,0.00,131407,위기의 유부녀들 4 -남편을 빼앗기다
20145388,131406.jpg,0.00,131406,위기의 유부녀들 3 - 옆집 남편과
20145387,131405.jpg,0.00,131405,위기의 유부녀들 2 - 남편의 취미
20145386,92572.jpg,3.29,92572,천하영웅 자객
20145385,78970.jpg,5.17,78970,제거자
20145384,148647.jpg,9.47,148647,in-between
20145383,114226.jpg,8.17,114226,언노운 어택
20145382,73401.jpg,5.62,73401,비르: 위대한 전사
20145381,143942.jpg,0.00,143942,완벽한 고백
20145361,113351.jpg,7.94,113351,미니언즈
20145344,123357.jpg,9.21,123357,The Dam Keeper
20145343,130155.jpg,0.00,130155,군터
20145323,86357.jpg,9.00,86357,"그녀, 섹스의 시작"
20145322,109654.jpg,6.00,109654,다중살인
20145321,124275.jpg,3.32,124275,웨이 오브 더 위키드
20145273,109940.jpg,6.18,109940,S테이프
20145272,15315.jpg,8.50,15315,거리의 도둑들
20145270,127932.jpg,6.03,127932,더 콜링
20145269,130445.jpg,0.00,130445,더 라이즈 앤 라이즈 오브 비트코인
20145268,125769.jpg,10.00,125769,파워레인저 고버스터즈 VS 애니멀레인저 고버스터즈
20145267,151557.jpg,10.00,151557,레스터레이션
20145266,113318.jpg,7.59,113318,렛츠 비 캅스
20145265,118369.jpg,7.41,118369,밀리언 달러 암
20145264,131604.jpg,0.00,131604,발칙한 도주자
20145263,113169.jpg,6.22,113169,배드 워즈
20145261,23398.jpg,2.50,23398,특등비서
20145260,122530.jpg,9.67,122530,미싱 윌리엄
20145259,142339.jpg,0.00,142339,오마르
20145258,134141.jpg,5.17,134141,싯 앤 고
20145257,125468.jpg,8.29,125468,벤허
20145256,107951.jpg,8.97,107951,블렌디드
20145255,21533.jpg,0.00,21533,서울야화
20145254,129261.jpg,4.65,129261,스나이퍼 레거시
20145253,105503.jpg,6.22,105503,스페이스 스테이션 76
20145252,128304.jpg,9.50,128304,아이 엠 알리
20145251,163293.jpg,0.00,163293,엑소더스
20145250,52216.jpg,7.82,52216,알라메인 전투
20145249,125766.jpg,5.50,125766,엘피 홉킨스
20145247,131603.jpg,0.00,131603,죽은 자의 증언
20145245,44996.jpg,6.75,44996,황금 눈에 비친 모습
20145244,96204.jpg,8.56,96204,커피 인 베를린
20145243,159711.jpg,0.00,159711,타미
20145242,118957.jpg,5.56,118957,모데카이
20145241,125040.jpg,8.00,125040,랜드 오브 베어스
20145223,130782.jpg,3.50,130782,블러드 리벤지
20145222,134212.jpg,5.00,134212,웨더스테이션
20145221,154229.jpg,0.00,154229,언더독스
20145203,129459.jpg,8.48,129459,리틀 포레스트: 여름과 가을
20145202,132945.jpg,7.03,132945,생각보다 맑은
20145201,123403.jpg,0.00,123403,드림 하우스
20145182,132946.jpg,8.55,132946,4등
20145181,134210.jpg,0.00,134210,더 쉬프트
20145171,127496.jpg,8.00,127496,대호
20145170,150550.jpg,8.50,150550,피가로의 결혼
20145169,147367.jpg,7.38,147367,카르멘
20145168,134806.jpg,8.54,134806,세비야의 이발사
20145167,140164.jpg,6.00,140164,메리 위도우
20145163,148696.jpg,6.88,148696,카발레리아 루스티카나 & 팔리아치
20145162,134207.jpg,6.76,134207,아메리칸 섹스 파티
20145161,134248.jpg,4.15,134248,두 번째 엄마
20145129,89874.jpg,4.55,89874,8광구: 몬스터의 부활
20145128,80312.jpg,8.00,80312,노화위룡
20145127,134222.jpg,3.00,134222,라스트건맨
20145126,157216.jpg,0.00,157216,해피 버스데이
20145125,147317.jpg,0.00,147317,크리스마스의 기적
20145122,71318.jpg,9.00,71318,염
20145121,117628.jpg,9.83,117628,셀푸카메라
20145103,117786.jpg,8.33,117786,나이트 크롤러
20148251,75140.jpg,5.00,75140,고 피겨
20148250,141261.jpg,1.00,141261,고스트 스톰
20148249,131419.jpg,7.75,131419,구해줘!
20148247,146098.jpg,0.00,146098,내일이 오기 전 모든 날들
20148246,146085.jpg,0.00,146085,뒤얽힌 운명
20148245,101951.jpg,7.81,101951,드링킹 버디즈
20148106,155484.jpg,8.74,155484,부활
20148104,77146.jpg,10.00,77146,인자
20148103,157675.jpg,0.00,157675,스미스
20148102,143209.jpg,0.00,143209,훔쳐보기
20147920,137327.jpg,8.85,137327,고질라
20147918,94118.jpg,7.81,94118,그로운 업스 2
20147917,150186.jpg,9.00,150186,그리고 아무도 없었다
20147916,100077.jpg,9.88,100077,극장판 은혼 완결편 : 해결사여 영원하라
20147850,113162.jpg,6.83,113162,파이오니아
20147848,120053.jpg,8.02,120053,꼬마영웅 경찰차 프로디2
20147847,29646.jpg,8.00,29646,세퍼레이트 테이블
20147838,104245.jpg,2.97,104245,죽도록 아름다운 세상
20147837,156364.jpg,0.00,156364,홈 스위트 홈
20147836,117267.jpg,1.00,117267,맛있는 섹스의 기술
20147719,101897.jpg,7.71,101897,커피 한잔이 섹스에 미치는 영향
20147718,103721.jpg,6.05,103721,리큐에게 물어라
20147717,121008.jpg,8.67,121008,그녀만을 위하여
20147715,129002.jpg,3.50,129002,맥스
20147712,91440.jpg,7.14,91440,그 여름에서 기다릴게
20147620,122371.jpg,9.43,122371,아빠의 맛
20147618,126765.jpg,10.00,126765,"더러워, 정말"
20147617,126165.jpg,8.29,126165,균열
20147616,103703.jpg,5.03,103703,사다코 2
20147615,102771.jpg,7.06,102771,마약전쟁
20147614,100086.jpg,3.56,100086,독수리오형제
20147511,57018.jpg,0.00,57018,"크레인, 제4도크"
20147510,57013.jpg,6.88,57013,풀장 속의 원숭이들
20147509,98275.jpg,8.46,98275,세이빙 미스터 뱅크스
20147508,57006.jpg,0.00,57006,십우도 2.견적
20147487,91687.jpg,5.35,91687,기억속에 퍼즐
20147473,95310.jpg,6.25,95310,사랑의 유효기간은 3년
20147299,98484.jpg,8.59,98484,논스톱
20147298,74001.jpg,3.76,74001,레드 던
20147297,155959.jpg,0.00,155959,공포
20147296,122084.jpg,6.67,122084,드래곤볼 Z 극장판 7
20147295,122083.jpg,5.50,122083,드래곤볼 Z 극장판 8
20147294,93150.jpg,7.40,93150,드래곤볼 Z 극장판 9
20147293,14585.jpg,0.00,14585,나인 하프 닌자
20147292,117254.jpg,7.50,117254,다크 에이지
20147291,75553.jpg,10.00,75553,가고일
20147198,154189.jpg,0.00,154189,비행소년
20147196,99665.jpg,3.33,99665,플래시백
20147195,94282.jpg,7.00,94282,ROCK@FUCK
20147194,120870.jpg,7.50,120870,스위치
20147192,90829.jpg,10.00,90829,우리 모두가 이경해다!
20145504,136007.jpg,7.02,136007,특종: 량첸살인기
20145503,120157.jpg,8.31,120157,검은 사제들
20145502,122133.jpg,7.80,122133,남과 여
20145501,130733.jpg,6.92,130733,돌연변이
20145304,132848.jpg,0.00,132848,북경 자전거
20145303,66753.jpg,6.48,66753,진구세주전설 북두의권 3부 라오우전 격투의 장
20145302,45660.jpg,8.79,45660,진구세주전설 북두의권 1부 라오우전 순애의 장
20145301,30216.jpg,7.00,30216,엘머 갠트리
20145281,118999.jpg,7.56,118999,코블러
20145274,112075.jpg,8.17,112075,22 점프 스트리트
20145148,133470.jpg,10.00,133470,메신저
20145147,132770.jpg,0.00,132770,아무도 겨레에 대해 너무 많이 알 수는 없다
20145146,132768.jpg,0.00,132768,할 말은 거기 없었네
20145145,132767.jpg,0.00,132767,찬물샤워
20145144,158515.jpg,0.00,158515,편지
20145142,101974.jpg,7.28,101974,갓 헬프 더 걸
20145102,160354.jpg,0.00,160354,포커스
20144924,132894.jpg,0.00,132894,와일 E.
20144923,124145.jpg,0.00,124145,1000개의 세트장 (2004-2014)
20144922,157785.jpg,0.00,157785,어딘가에
20144921,159821.jpg,0.00,159821,짐승
20144908,119702.jpg,0.00,119702,순수한 아이
20144907,132892.jpg,0.00,132892,네이트 힐의 두 갈래 삶
20144661,110298.jpg,7.16,110298,리차드 켐프의 다른인생
20144642,124842.jpg,7.48,124842,미스터 터너
20144641,132933.jpg,8.42,132933,판도라
20144621,127363.jpg,7.70,127363,기생수 파트1
20144602,98757.jpg,7.36,98757,매직 티팟
20144442,130786.jpg,6.59,130786,조선마술사
20144441,120188.jpg,7.89,120188,섬. 사라진 사람들
20144422,128248.jpg,5.22,128248,아일랜드 - 시간을 훔치는 섬
20144402,143749.jpg,0.00,143749,우리 이웃 이야기
20144401,132334.jpg,0.00,132334,달콤한 불륜의맛
20144389,132335.jpg,10.00,132335,음란한 떡국열차
20144190,132343.jpg,0.00,132343,게이샤의 격정
20144189,126321.jpg,0.00,126321,신입여직원의 속옷
20144188,132342.jpg,0.00,132342,실화!정말있었던이야기
20144187,120088.jpg,10.00,120088,타락천사 케이코
20144186,132339.jpg,0.00,132339,순수의 신부 2-그녀의 고민
20144185,123081.jpg,0.00,123081,야한수영클럽
20143901,129551.jpg,9.30,129551,"파리오페라 발레의 별, 아녜스"
20143881,103718.jpg,8.02,103718,사죄의 왕
20143862,67286.jpg,7.77,67286,참을 수 없는 사랑
20143861,137184.jpg,0.00,137184,미디어로 행동하라 in 삼척
20143842,131461.jpg,7.50,131461,지저스 러브스 미
20143632,160165.jpg,0.00,160165,창문
20143630,117988.jpg,0.00,117988,이상한 나라의 산타
20143629,121130.jpg,5.67,121130,타락한 여자
20143628,162044.jpg,0.00,162044,레몬
20143627,132351.jpg,0.00,132351,안 중요해
20143422,105246.jpg,4.87,105246,숲속으로
20143419,131948.jpg,0.00,131948,다 끝난 일
20143416,131946.jpg,0.00,131946,그녀의 애인
20143407,123697.jpg,9.00,123697,어항
20143404,131940.jpg,7.38,131940,돌 세 개
20143402,131941.jpg,10.00,131941,소년을 위로해 줘
20143401,121126.jpg,9.00,121126,윌리엄 텔
20143393,129701.jpg,7.60,129701,신선조-혈풍
20143392,131618.jpg,0.00,131618,가슴 사무라이-이단의 역습
20143391,126338.jpg,0.00,126338,신입사원 세츠코
20143390,131616.jpg,10.00,131616,초왕가슴 미녀의 고민
20143389,131606.jpg,0.00,131606,순수의 신부-우리 신랑은
20143388,129716.jpg,0.00,129716,노리개 강사 히카루
20143387,131617.jpg,0.00,131617,관능소설-색의 절정
20143386,131623.jpg,0.00,131623,누드 모델의 고백
20143385,97619.jpg,0.00,97619,사랑에 빠지면 알게 되는 것들
20143384,129719.jpg,0.00,129719,옆집 남편과의 밀애
20143383,130225.jpg,0.00,130225,낮과 밤-넘버 원
20143382,133161.jpg,8.36,133161,"어떤 여행, 시민창작뮤지컬"
20143344,129783.jpg,7.65,129783,눈의 여왕 2: 트롤의 마법거울
20143343,109095.jpg,8.07,109095,무드 인디고
20143342,90604.jpg,0.00,90604,"호주제 폐지, 평등 가족으로 가는 길"
20147163,87037.jpg,0.00,87037,"하나의 세계, 하나의 꿈"
20147161,99775.jpg,6.69,99775,디노타샤: 공룡대탐험
20147160,123510.jpg,5.50,123510,주방
20147159,54444.jpg,9.50,54444,서울은 흐림
20147158,52431.jpg,0.00,52431,호명인생
20147157,70132.jpg,8.62,70132,디어파파
20145101,126313.jpg,5.50,126313,대영웅 소남인
20145085,118367.jpg,8.40,118367,세인트 빈센트
20145084,94504.jpg,7.07,94504,라스트 엘비스
20145083,132379.jpg,3.43,132379,우주전쟁: 지구 최후의 날
20145082,122474.jpg,1.00,122474,살인병기
20145081,158908.jpg,0.00,158908,몬스터즈
20145071,133056.jpg,6.47,133056,새폴더
20145070,63555.jpg,0.00,63555,삶의 설계
20145069,133525.jpg,7.00,133525,구공탄의 소매치기
20145068,61514.jpg,6.20,61514,얼굴없는 눈
20145067,133526.jpg,10.00,133526,구공탄의 한강
20145064,29093.jpg,7.00,29093,죄악의 천사들
20145062,146276.jpg,0.00,146276,홍당무
20145061,96746.jpg,10.00,96746,굿 바이브레이션즈
20145042,120759.jpg,8.43,120759,스틸 앨리스
20145021,142257.jpg,0.00,142257,와일드
20145001,118962.jpg,5.43,118962,비호외전
20144982,68525.jpg,7.33,68525,천국의 셋방(무삭제)
20144981,89256.jpg,5.43,89256,징기스칸: 지살령
20144961,124805.jpg,8.79,124805,제네시스: 세상의 소금
20144943,132935.jpg,3.50,132935,스타쉽 라이징
20144942,126391.jpg,6.57,126391,스티븐시걸의 굿맨
20144941,132934.jpg,4.22,132934,스페이스 배틀쉽
20144940,122603.jpg,8.09,122603,정자왕 3D
20144939,81322.jpg,5.62,81322,알.이.씨4 : 아포칼립스
20144938,101934.jpg,6.85,101934,워크 오브 셰임
20144937,132309.jpg,4.17,132309,파라노말 이니테이션
20144936,132317.jpg,10.00,132317,프라이빗섹스
20144935,137890.jpg,9.22,137890,살인의 기억
20144934,132907.jpg,0.00,132907,노랑새
20144933,132904.jpg,0.00,132904,질리오 섬
20144932,130642.jpg,0.00,130642,아이 러브 소 머치
20144931,132905.jpg,0.00,132905,미트와플
20144930,136171.jpg,0.00,136171,올드맨
20144929,162646.jpg,0.00,162646,플럼
20144928,53572.jpg,7.25,53572,고용
20144927,148923.jpg,0.00,148923,블랙버드
20144925,159833.jpg,0.00,159833,새벽의 노래
20144906,132891.jpg,0.00,132891,플레이스먼트 오브 더 그레인
20144905,125613.jpg,0.00,125613,SOIF
20144904,152113.jpg,0.00,152113,고문
20144903,118130.jpg,0.00,118130,안개가 몰려온다
20144902,119678.jpg,0.00,119678,크라임: 더 애니메이션 시리즈
20144901,110116.jpg,0.00,110116,정지 신호
20144881,103545.jpg,8.42,103545,서유기 : 모험의 시작
20144871,132316.jpg,10.00,132316,가정부와의 불륜
20144870,130100.jpg,0.00,130100,띵스 돈 핏
20144869,160750.jpg,8.49,160750,365
20144868,132889.jpg,0.00,132889,칸타렐라
20144867,126590.jpg,0.00,126590,숲 너머 저편에
20144866,132888.jpg,0.00,132888,버터 유어셀프
20144865,124152.jpg,0.00,124152,브루투스
20144864,151650.jpg,8.50,151650,우리집
20144863,109378.jpg,0.00,109378,할로우 랜드
20144862,132886.jpg,0.00,132886,털
20144861,132884.jpg,0.00,132884,저스트 원 모어
20144842,122319.jpg,0.00,122319,"붐붐, 어부의 딸"
20144841,132887.jpg,0.00,132887,다시 만난 너
20144797,120291.jpg,0.00,120291,나는 훌리건이다
20144796,122113.jpg,6.03,122113,토템
20144795,126193.jpg,0.00,126193,코끼리의 정원
20144793,126569.jpg,0.00,126569,그 많던 숲들이
20144792,130289.jpg,10.00,130289,로켓 독
20144791,124171.jpg,0.00,124171,갈 곳 잃은 물고기
20144790,132883.jpg,0.00,132883,PEAU M/V ′인스턴트 T′
20144789,125888.jpg,0.00,125888,이상한 우리 할아버지
20144788,102915.jpg,0.00,102915,인생의 문을 두드려라
20144787,132879.jpg,0.00,132879,루씨와 친구들
20144785,144492.jpg,0.00,144492,리틀 몬스터
20144784,119412.jpg,7.31,119412,잭
20144783,100979.jpg,8.40,100979,로스트 크리스마스
20144782,132880.jpg,0.00,132880,조랑말 레슬리의 A+하루
20144781,155545.jpg,0.00,155545,메피스토
20144762,148760.jpg,0.00,148760,이름없는 자들의 이름
20144761,138573.jpg,8.00,138573,그저 그런 여배우와 단신 대머리남의 연애
20144741,77768.jpg,8.75,77768,매드 맥스: 분노의 도로
20144729,62926.jpg,0.00,62926,자랑과 정열
20144727,132878.jpg,0.00,132878,지나간 시간의 추억
20144726,132877.jpg,0.00,132877,트로이 베이비
20144725,132875.jpg,0.00,132875,카알
20144724,162991.jpg,0.00,162991,상처
20144722,132874.jpg,0.00,132874,제임스 M/V ′무빙온′
20144721,116577.jpg,5.91,116577,따라지 : 비열한 거리
20144702,100014.jpg,4.32,100014,클라우트로포비아: 폐소공포증
20144701,121115.jpg,9.04,121115,노엘의 선물
20144683,114225.jpg,8.15,114225,하트 오브 더 씨
20144682,90596.jpg,7.63,90596,샌 안드레아스
20144681,53545.jpg,7.40,53545,나는 네가 캠퍼스에서 한 일을 알고 있다
20144601,74970.jpg,5.40,74970,고양이 장례식
20144585,132902.jpg,0.00,132902,빨간 모자 일곱 난쟁이
20144583,108887.jpg,0.00,108887,난시
20144582,144909.jpg,4.33,144909,크리스마스 스타
20144572,132901.jpg,0.00,132901,나 그리고 그들
20144571,108812.jpg,0.00,108812,스네일 트레일
20144569,133128.jpg,4.87,133128,미궁
20144568,124157.jpg,0.00,124157,엑스 아니모
20144565,117555.jpg,4.05,117555,일요일3
20144564,132897.jpg,0.00,132897,영 맬로리
20144562,132896.jpg,0.00,132896,자전거 경주
20144541,137958.jpg,7.48,137958,세상의 끝
20144531,123076.jpg,6.76,123076,한민족 그리고 조선족
20144530,133515.jpg,0.00,133515,비구니자매의비밀애
20144529,132336.jpg,0.00,132336,음란하게 짜릿하게
20144528,68864.jpg,0.00,68864,항구의 일본 소녀들
20144527,134235.jpg,0.00,134235,도쿄의 영웅
20144526,134234.jpg,0.00,134234,아리가토 씨
20144524,134232.jpg,0.00,134232,바람 속의 아이들
20144523,146489.jpg,9.80,146489,패딩턴
20144522,133397.jpg,6.79,133397,바티칸 뮤지엄
20144521,131006.jpg,6.67,131006,뽕2014
20144511,134233.jpg,0.00,134233,가녀의 각서
20144509,134231.jpg,8.00,134231,벌집의 아이들
20144508,63966.jpg,7.33,63966,백만 냥의 항아리
20144507,81464.jpg,8.20,81464,빅 아이즈
20144504,89359.jpg,6.00,89359,변종샤크
20144503,86387.jpg,3.75,86387,4명의 암살자
20144502,104361.jpg,3.15,104361,자바히트: 살인면허
20144501,126691.jpg,4.14,126691,섀도우 솔저
20144482,22621.jpg,6.54,22621,의적 일지매
20144481,118347.jpg,8.12,118347,타임 패러독스
20144461,119452.jpg,6.91,119452,인서전트
20144456,125907.jpg,0.00,125907,눈 할아버지
20144455,114455.jpg,0.00,114455,더 스모틀리백스
20144454,153392.jpg,0.00,153392,미아
20144453,132873.jpg,0.00,132873,픽픽픽
20144452,132872.jpg,0.00,132872,디미트리 ′악어의 눈물′
20144451,132870.jpg,0.00,132870,1900 - 2000
20144450,132871.jpg,0.00,132871,러시안 알파벳
20144449,151633.jpg,0.00,151633,도그
20144448,130107.jpg,0.00,130107,우선 순위
20144447,132867.jpg,0.00,132867,꼬마돼지 보모
20144446,125612.jpg,0.00,125612,폼므 프리츠
20144445,123359.jpg,0.00,123359,울 엄마는 비행기
20144444,159834.jpg,9.14,159834,아가씨
20144387,100977.jpg,7.95,100977,얼룩말
20144386,132866.jpg,0.00,132866,라스트 클리닝 히어로
20144385,126134.jpg,10.00,126134,곰 이야기
20144384,159003.jpg,0.00,159003,부자
20144383,156114.jpg,9.82,156114,하루
20144382,115707.jpg,9.00,115707,창녀와 크리스마스
20144381,133400.jpg,0.00,133400,배덕의 연회
20144363,14164.jpg,8.55,14164,강호용호문
20144362,132310.jpg,9.48,132310,신화 라이브 3D 더 레전드 컨티뉴스
20144361,132108.jpg,8.55,132108,원피스 : 에피소드 오브 루피 ~핸드 아일랜드의 모험~
20144355,101655.jpg,0.00,101655,욕
20144353,155436.jpg,0.00,155436,지우개
20144349,137614.jpg,10.00,137614,나는 이런 사람입니다
20144346,150194.jpg,0.00,150194,"어느날, 갑자기"
20144342,145922.jpg,10.00,145922,나의 하루
20144324,121109.jpg,7.31,121109,스페이스 독 2
20144323,100675.jpg,8.71,100675,유아 낫 유
20144322,127901.jpg,8.74,127901,도라에몽 : 스탠 바이 미
20144321,126379.jpg,6.00,126379,라보엠
20144301,132302.jpg,0.00,132302,연예계섹스스캔들 - 일본
20144281,131615.jpg,8.46,131615,톰과 제리 아카데미 가다
20144270,83295.jpg,6.60,83295,모텔 라이프
20144269,99913.jpg,5.50,99913,프레쉬 미트
20144268,123163.jpg,5.00,123163,화이트 월
20144267,121778.jpg,8.57,121778,굿바이 이디엇
20144266,130202.jpg,5.64,130202,낙스: 마약전쟁
20144265,86261.jpg,10.00,86261,퍼펙트 라이프
20144264,18165.jpg,0.00,18165,돌아온 방랑자
20144263,123518.jpg,5.50,123518,로저코먼의 오퍼레이션 로그
20144261,146100.jpg,0.00,146100,버터플라이 크러쉬
20144259,96047.jpg,5.33,96047,섬머 인 페브러리
20144258,115513.jpg,7.77,115513,씽크 라이크 어 맨 투
20144257,119606.jpg,10.00,119606,안녕 자두야 스페셜 : 인어공주
20144256,83051.jpg,6.66,83051,싱글 샷
20144254,126341.jpg,0.00,126341,원한의 학원 - 절망편
20144253,126342.jpg,0.00,126342,원한의 학원 - 전율편
20144251,141537.jpg,6.18,141537,코끼리
20144249,97660.jpg,10.00,97660,파워레인저 고버스터즈 - 에네트론 타워를 지켜라!
20144248,92444.jpg,5.20,92444,패닉 버튼
20144247,51432.jpg,4.94,51432,피의 제전
20144246,120148.jpg,3.67,120148,하녀의 방
20144243,124252.jpg,6.42,124252,아노말리: 타임 게이트
20144242,124290.jpg,7.61,124290,엘리노어 릭비: 그 여자
20144241,124290.jpg,7.61,124290,엘리노어 릭비: 그 남자
20144221,92454.jpg,4.68,92454,플라이트 7500
20144201,121129.jpg,6.00,121129,일본범죄사 위조의쾌락
20144191,132917.jpg,6.14,132917,정사: 위험한 성적유희
20144184,131404.jpg,0.00,131404,위기의 유부녀들 - 남편 후배와
20144183,123269.jpg,6.76,123269,"웰컴, 삼바"
20144179,137633.jpg,0.00,137633,특별한 날
20144177,133529.jpg,10.00,133529,알프스의 마치스테
20144175,82080.jpg,6.97,82080,협상
20144173,128592.jpg,5.50,128592,암흑의 영혼
20144172,128590.jpg,8.00,128590,"아름다운 청년, 자코모 레오파르디"
20144171,122476.jpg,7.94,122476,헝그리 하트
20144170,88752.jpg,10.00,88752,나는 행복해
20144168,99070.jpg,10.00,99070,나는 열아홉이고 싶다
20144121,100676.jpg,8.14,100676,폭스캐처
20144103,121113.jpg,0.00,121113,관능소설2-애증
20144102,117789.jpg,7.90,117789,워터 디바이너
20144098,114431.jpg,0.00,114431,고통과 연민
20144096,130098.jpg,0.00,130098,세스의 만화왕국
20144071,87159.jpg,4.44,87159,4:44
20144070,74869.jpg,8.40,74869,잃어버린 거울
20144069,157759.jpg,0.00,157759,너는 나의...
20144066,143587.jpg,0.00,143587,보통날
20144062,141909.jpg,0.00,141909,내가 왕이다!
20144056,136940.jpg,0.00,136940,소나무
20144055,162125.jpg,0.00,162125,잠
20144053,97177.jpg,10.00,97177,성장통
20144048,26477.jpg,8.76,26477,인과응보
20144047,43848.jpg,0.00,43848,Dayfly
20144046,121047.jpg,8.48,121047,영원한 친구
20144044,91552.jpg,7.64,91552,우리는 하나
20144043,123706.jpg,0.00,123706,벽을 넘어서
20144028,135974.jpg,0.00,135974,당신들의 신화
20144027,154359.jpg,0.00,154359,타겟
20144021,154419.jpg,8.00,154419,맥베스
20144004,128051.jpg,0.00,128051,"살아 있네, 살아 있어!"
20144003,103787.jpg,3.38,103787,넥스트 투모로우 2
20144001,129791.jpg,5.90,129791,15소년 표류기: 해적섬을 탈출하라
20143985,121117.jpg,6.80,121117,명기
20143984,109096.jpg,7.75,109096,톨 맨
20143983,121124.jpg,6.00,121124,우주로봇 씨어
20143982,89866.jpg,5.50,89866,옹박: 리턴즈 오브 레전드
20143981,127960.jpg,3.12,127960,세인트 앤 솔저: 최강전차부대
20143961,121116.jpg,5.38,121116,토미카 무비
20143942,99148.jpg,7.88,99148,엘리제궁의 요리사
20143941,123691.jpg,8.59,123691,파리 폴리
20143922,99671.jpg,8.03,99671,결혼하지 않아도 괜찮을까
20143921,129671.jpg,8.32,129671,나의 사적인 여자친구
20143902,122111.jpg,5.00,122111,작전명: 제트스톰
20143841,132391.jpg,6.51,132391,하이킥 엔젤스
20143801,129792.jpg,7.73,129792,나쁜 여자는 맛있다
20143786,151899.jpg,0.00,151899,오! 해피데이
20143785,127757.jpg,0.00,127757,우연
20143325,129782.jpg,8.38,129782,토마스와 친구들: 잃어버린 왕관
20143324,162156.jpg,0.00,162156,경계
20143315,94295.jpg,8.00,94295,테레즈 데케루
20143314,101939.jpg,6.73,101939,꼬마 잠수함 올리 2
20143313,128162.jpg,9.00,128162,3D 프린팅: 전설을 만들다
20143312,131335.jpg,0.00,131335,건물을 출력해 드립니다
20143311,156739.jpg,0.00,156739,메이커
20143310,131333.jpg,0.00,131333,극장전개
20143309,126112.jpg,7.81,126112,내셔널 갤러리
20143308,131332.jpg,10.00,131332,삶이 있는 도시 - 서울 속 도시재생 이야기
20143307,101068.jpg,0.00,101068,16 에이커스
20143306,130384.jpg,0.00,130384,아파트에 갇힌 꿈
20143305,131331.jpg,0.00,131331,미켈레 데 루키와 멤피스 그룹
20143304,131330.jpg,8.50,131330,자하 하디드의 위대한 도전
20143302,131328.jpg,7.00,131328,루시앙 에르베의 자화상
20143766,32051.jpg,7.00,32051,슬래커
20143765,63601.jpg,0.00,63601,믿을 수 없는 진실
20143756,132790.jpg,9.50,132790,쉰
20143755,132789.jpg,7.00,132789,눈의 마음 : 슬픔이 우리를 데려가는 곳
20143754,109984.jpg,8.65,109984,아메리칸 스나이퍼
20143753,118390.jpg,5.17,118390,비치하트애솔
20143748,132785.jpg,0.00,132785,캐릭터 충돌의 궤적 읽기
20143747,132784.jpg,10.00,132784,표정들
20143744,121121.jpg,0.00,121121,두 자매의 섹스 다이어리
20143743,121119.jpg,0.00,121119,꽃과 뱀의 비밀정사
20143741,137958.jpg,7.48,137958,세상의 끝
20143728,155607.jpg,0.00,155607,열매
20143727,132781.jpg,0.00,132781,지나가는 사람들
20143726,132780.jpg,8.93,132780,명령불복종 교사
20143717,138346.jpg,8.41,138346,오늘영화
20143706,102074.jpg,6.94,102074,버진 스노우
20143705,87202.jpg,0.00,87202,오후의 정사
20143704,121093.jpg,8.85,121093,사랑만의 언어
20143703,91894.jpg,9.00,91894,에클레르 : 과자의 방랑기
20143702,121122.jpg,0.00,121122,"금지된 섹스, 스와핑"
20143701,121123.jpg,0.00,121123,어린 유부녀의 성적유희
20143690,129713.jpg,5.21,129713,파이터: 죽음의 토너먼트
20143689,125476.jpg,4.67,125476,마이너클럽
20143688,104015.jpg,5.37,104015,룸13
20143687,132347.jpg,0.00,132347,우유왕자
20143685,132348.jpg,0.00,132348,"누나, 벌레의 저주를 깨우다"
20143684,156232.jpg,0.00,156232,Whale
20143682,117781.jpg,9.26,117781,"어느날,첫사랑이쳐들어왔다."
20143681,121125.jpg,4.50,121125,몬스터 울프
20143667,119624.jpg,6.69,119624,콜드 인 줄라이
20143666,129790.jpg,3.81,129790,울언니
20143665,129789.jpg,4.46,129789,에이리언 스페이스
20143664,86730.jpg,7.67,86730,꽃과 뱀 3
20143662,91191.jpg,6.00,91191,데빌스 노트
20143661,70626.jpg,8.13,70626,브룩클린스 파이니스트
20143642,109982.jpg,7.87,109982,테이큰 3
20143641,136085.jpg,0.00,136085,더 덴
20143640,131612.jpg,7.46,131612,힐링메이트
20143639,121132.jpg,7.31,121132,뽀로로 극장판 눈요정 마을 대모험
20143626,148996.jpg,9.77,148996,친구
20143621,148996.jpg,9.77,148996,친구
20143605,115095.jpg,10.00,115095,엄마의 반지
20143602,132380.jpg,7.88,132380,일곱난쟁이
20143601,103731.jpg,3.71,103731,에이리언 스카이라인
20143590,129715.jpg,4.70,129715,넥스트 제네레이션 패트레이버4
20143586,132346.jpg,0.00,132346,솔레이유의 아이들
20143584,121655.jpg,0.00,121655,독스 웨이
20143581,155116.jpg,4.25,155116,자매들
20143580,109905.jpg,9.11,109905,분노의 질주: 더 세븐
20143575,87667.jpg,6.60,87667,보이드 갱
20143574,129781.jpg,8.97,129781,GROW: 인피니트의 리얼 청춘 라이프
20143573,108255.jpg,6.93,108255,백여우 전설
20143572,129050.jpg,7.70,129050,뷰티 인사이드
20143571,50004.jpg,7.00,50004,폭렬성시
20143570,90803.jpg,6.29,90803,다이노슈퍼게이터
20143569,159679.jpg,0.00,159679,버즈
20143566,94117.jpg,7.22,94117,마담 보바리
20143565,126156.jpg,7.98,126156,부니 베어: 롤라 구출 대모험
20143564,129784.jpg,7.80,129784,모던발레 채플린
20143563,132390.jpg,0.00,132390,양키 아이돌
20143562,94932.jpg,6.22,94932,메모리얼 데이
20143561,124939.jpg,4.73,124939,마스크 메이커
20143543,109955.jpg,7.84,109955,사랑에 대한 모든 것
20143542,128165.jpg,8.51,128165,지휘자를 위한 1분
20143541,118958.jpg,8.07,118958,박물관이 살아있다 : 비밀의 무덤
20143516,159550.jpg,6.50,159550,먹이
20143515,112313.jpg,0.00,112313,나홀로 집에
20143513,129406.jpg,8.91,129406,미쓰 와이프
20143512,103381.jpg,6.69,103381,위험한 상견례 2
20143511,160650.jpg,0.00,160650,오피스
20143510,130765.jpg,5.79,130765,함정
20143509,128273.jpg,2.88,128273,엽기적인 그녀 2
20143508,80478.jpg,10.00,80478,내가 잠든 사이에
20143507,157557.jpg,0.00,157557,계단
20143506,144526.jpg,0.00,144526,눈사람
20143504,132849.jpg,0.00,132849,하나도 안 괜찮아
20143502,130755.jpg,7.67,130755,어떤살인
20143487,132447.jpg,0.00,132447,콜 걸
20143486,91931.jpg,0.00,91931,아이스 드래곤
20143485,78567.jpg,7.33,78567,비하인드 블루 스카이즈
20143484,98383.jpg,0.00,98383,마지막 문장
20143483,107469.jpg,9.00,107469,더 파이러트 베이 : 키보드를 떠나서
20143482,87684.jpg,0.00,87684,아발론
20143481,116789.jpg,9.00,116789,노바디 오운즈 미
20143441,87717.jpg,8.78,87717,파리의 유령
20143415,131945.jpg,10.00,131945,관객과의 대화
20143414,121158.jpg,5.85,121158,이불
20143410,130528.jpg,10.00,130528,난 미용사가 아니야
20143408,131942.jpg,0.00,131942,세 번째 방
20143301,131327.jpg,8.00,131327,제4의 벽
20143285,131005.jpg,3.46,131005,위층여자
20143284,131442.jpg,9.32,131442,워 호스
20143283,123508.jpg,4.69,123508,야쿠자-악의극치
20143282,129708.jpg,7.75,129708,신선조-낭인
20143281,131625.jpg,5.50,131625,야쿠자-피의 전쟁
20143280,145207.jpg,0.00,145207,초원은 돌아올 것이다
20143279,140412.jpg,10.00,140412,열대야
20143276,51813.jpg,6.92,51813,금발 소녀의 기벽
20143274,28920.jpg,5.00,28920,세계의 시초로의 여행
20143273,28913.jpg,10.00,28913,수도원
20143272,28914.jpg,8.88,28914,아브라함 계곡
20143271,122002.jpg,3.00,122002,절망의 날
20143270,28919.jpg,10.00,28919,지배의 공허한 영광
20143269,153083.jpg,0.00,153083,카니발
20143268,106004.jpg,0.00,106004,나의 경우
20143267,28918.jpg,0.00,28918,프란시스카
20143266,28917.jpg,9.25,28917,불운의 사랑
20143265,28916.jpg,0.00,28916,베닐드 혹은 성모
20143264,19368.jpg,9.00,19368,과거와 현재
20143263,90839.jpg,0.00,90839,봄의 제전
20143262,12881.jpg,0.00,12881,아니키 보보
20143261,125708.jpg,6.92,125708,해적왕의 황금나침반
20143253,143932.jpg,8.28,143932,존 윅
20143252,118732.jpg,6.45,118732,개: dog eat dog
20143250,146756.jpg,9.17,146756,환상
20143249,39460.jpg,5.50,39460,올랜도 블룸의 위험한 열정
20143247,130254.jpg,9.75,130254,연기의 신
20143244,130257.jpg,0.00,130257,영국인
20143243,130258.jpg,10.00,130258,오전 일곱시
20143242,130259.jpg,0.00,130259,지구를 사랑한 카메라
20143241,130353.jpg,0.00,130353,청년 욕구의 날
20143240,130260.jpg,0.00,130260,그가 봤던 것
20143238,130262.jpg,0.00,130262,북쪽에 눈멀다
20143237,162372.jpg,0.00,162372,발들의 키스
20143236,130264.jpg,0.00,130264,순무씨의 회상
20143235,144358.jpg,0.00,144358,취직해
20143234,130266.jpg,0.00,130266,네이션타임
20143233,130268.jpg,0.00,130268,슬픈마음씨의 작은 날
20148267,154965.jpg,10.00,154965,퍼레이드
20148254,103515.jpg,9.00,103515,3G - 킬러 커넥션
20148253,158561.jpg,0.00,158561,겟어웨이
20148252,103799.jpg,6.24,103799,결혼의 기원
20148244,113167.jpg,8.58,113167,이너프 세드
20148243,103807.jpg,5.78,103807,러브배틀
20148242,155354.jpg,0.00,155354,마지막 여름
20148241,100951.jpg,2.30,100951,밤의 기적
20148240,118645.jpg,3.50,118645,2014 베를린 필하모닉 신년 음악회
20148238,28567.jpg,9.25,28567,사랑의 하모니
20148237,150805.jpg,0.00,150805,사운드 오브 뮤직
20148236,93789.jpg,5.13,93789,쌍성계: 고대전설의 부활
20148235,137820.jpg,10.00,137820,소울리스
20148232,100206.jpg,7.88,100206,니드 포 스피드
20148230,129704.jpg,0.00,129704,이케부쿠로 양키전쟁
20148229,122071.jpg,0.00,122071,유부녀 트럭걸
20148228,155117.jpg,1.00,155117,불륜의 맛
20148227,101886.jpg,6.19,101886,카니발 - 피의 만찬
20148213,113403.jpg,7.47,113403,은밀한 가족
20148212,152670.jpg,10.00,152670,아워즈
20148211,117594.jpg,6.50,117594,미피의 동물원 보물찾기
20148210,120095.jpg,8.31,120095,빨간머리 앤 : 네버엔딩스토리
20148209,79554.jpg,5.92,79554,딜런 독: 죽음의 밤
20148208,100991.jpg,5.92,100991,그랜드 피아노
20148191,120090.jpg,0.00,120090,선배 애인의 유혹
20148190,120084.jpg,0.00,120084,그녀의 은밀한 향기
20148189,120082.jpg,0.00,120082,조교신세계
20148188,119966.jpg,6.05,119966,쎄시봉
20148185,122064.jpg,0.00,122064,히어로즈 포 세일
20148184,53844.jpg,9.00,53844,플랑드르의 사육제
20148183,36693.jpg,9.50,36693,시골에서의 하루
20148182,74794.jpg,0.00,74794,7인의 무뢰한
20148181,40629.jpg,0.00,40629,방파제
20148177,122066.jpg,8.50,122066,"나, 피에르 리비에르"
20148176,111609.jpg,0.00,111609,소서러
20148175,21234.jpg,0.00,21234,젖은 입술
20148172,122117.jpg,0.00,122117,은밀한 게이샤의 세계
20148171,122068.jpg,6.67,122068,모도리 강
20148169,122069.jpg,0.00,122069,몽둥이의 슬픔
20148168,122101.jpg,4.68,122101,아바타 정글의 비밀
20148147,152335.jpg,9.00,152335,나쁜 여자
20148132,137908.jpg,8.38,137908,닌자터틀
20148131,100671.jpg,2.00,100671,징기스칸 2014
20148130,120009.jpg,5.00,120009,스티븐 시걸의 CIA
20148129,153275.jpg,10.00,153275,더 바디
20148128,98756.jpg,8.72,98756,백설공주의 마지막 키스
20148127,126962.jpg,8.93,126962,마음의 고향
20148107,86565.jpg,0.00,86565,코드 블루
20148094,120083.jpg,0.00,120083,신혼부부 원룸 생활기
20148093,120085.jpg,0.00,120085,교수님의 은밀한 강요
20148091,107304.jpg,7.03,107304,유로파 리포트
20148090,158232.jpg,0.00,158232,스케치
20148089,104108.jpg,7.50,104108,엘리자베스 비숍의 연인
20148071,115530.jpg,6.35,115530,청춘학당 : 풍기문란 보쌈 야사
20148070,118691.jpg,0.00,118691,여의사: 욕망의 진료실
20148069,121523.jpg,6.50,121523,스콜피온 인 러브
20148068,159319.jpg,0.00,159319,더 체이스
20148067,120078.jpg,8.25,120078,랑랑 라이브 인 런던
20148050,120065.jpg,5.06,120065,고스트 패밀리: 구출 대작전
20148049,105915.jpg,4.04,105915,버니맨2:애리조나 사막의 대학살
20148048,149700.jpg,0.00,149700,베테랑
20148047,113359.jpg,5.00,113359,사이보그프린세스
20148031,109434.jpg,5.00,109434,고스트 킬러: 모니카
20148028,158551.jpg,0.00,158551,그날들
20148027,154802.jpg,0.00,154802,나들이
20148012,106280.jpg,6.14,106280,비.에이.패스: 불륜의 늪
20148010,133049.jpg,6.53,133049,어떤 가족
20148009,83037.jpg,5.95,83037,메이크 유어 무브
20148008,88009.jpg,7.00,88009,불량경찰4: 부정부패소탕작전
20148007,123009.jpg,8.25,123009,카토 프로젝트
20147987,120075.jpg,8.00,120075,"씨, 베토벤"
20147971,103241.jpg,8.53,103241,짱구는 못말려 극장판：엄청 맛있어! B급 음식 서바이벌!
20147970,104072.jpg,7.90,104072,그레이트 뷰티
20147969,162577.jpg,0.00,162577,온 더 로드
20147968,118364.jpg,7.93,118364,선 오브 갓
20147967,102357.jpg,8.91,102357,스타로부터 스무 발자국
20147955,104515.jpg,7.54,104515,피카소: 명작스캔들
20147954,118707.jpg,4.62,118707,화창한 그날들
20147953,155891.jpg,0.00,155891,론 서바이버
20147951,155423.jpg,0.00,155423,립스틱
20147950,87794.jpg,7.58,87794,유아 넥스트
20147949,120073.jpg,0.00,120073,덤프걸 유코
20147948,100924.jpg,8.68,100924,페이스 오브 러브
20147947,158764.jpg,3.84,158764,워킹걸
20147931,120513.jpg,5.47,120513,소녀괴담
20147930,113312.jpg,8.02,113312,나의 사랑 나의 신부
20147929,119996.jpg,5.26,119996,메이드 인 차이나
20147928,119962.jpg,5.74,119962,터널 3D
20147927,155348.jpg,10.00,155348,숙희
20147915,60916.jpg,9.75,60916,노란 롤스로이스
20147914,123840.jpg,6.00,123840,내 마음을 읽어봐
20147913,72527.jpg,0.00,72527,에로칙쿠 란포
20147912,162621.jpg,0.00,162621,"더 웨이, 웨이 백"
20147911,119392.jpg,5.71,119392,모텔 아쿠아리움
20147910,120066.jpg,4.31,120066,배틀로얄 극악소년원
20147909,156620.jpg,0.00,156620,추적자
20147908,103664.jpg,7.75,103664,더 콩그레스
20147907,133125.jpg,0.00,133125,맛 무삭제
20147904,120061.jpg,6.19,120061,"하늘을 나는 강아지, 비포와 친구들"
20147903,100737.jpg,9.67,100737,"다시, 사랑을 꿈꾸다"
20147902,80506.jpg,0.00,80506,카르멘의 사랑
20147901,104091.jpg,5.55,104091,라스트 에너미
20147900,122995.jpg,7.83,122995,드래곤 기사단
20147899,20141.jpg,0.00,20141,남자식모
20147897,113369.jpg,8.44,113369,고진감래
20147896,162310.jpg,0.00,162310,V
20147895,136872.jpg,8.85,136872,미녀
20147894,101061.jpg,8.40,101061,더 투 두 리스트
20147893,118761.jpg,0.00,118761,써브프라임
20147892,116250.jpg,0.00,116250,데스그립
20147891,52126.jpg,10.00,52126,딜리버링 마일로
20147890,122081.jpg,0.00,122081,밤의 여자
20147889,116249.jpg,6.50,116249,랜시드
20147888,19077.jpg,10.00,19077,소공녀
20147887,78055.jpg,6.70,78055,버닝 브라이트
20147885,115507.jpg,3.00,115507,나가요 미스콜
20147884,151697.jpg,10.00,151697,도서관 전쟁
20147883,100984.jpg,7.96,100984,블러드 타이즈
20147882,120060.jpg,6.83,120060,페인트볼
20147881,115214.jpg,5.92,115214,일대고수
20147880,113155.jpg,8.12,113155,위크엔드 인 파리
20147879,97713.jpg,7.50,97713,5월 이후
20147878,92261.jpg,7.00,92261,네이버링 사운즈
20147877,96636.jpg,5.55,96636,버베리안 스튜디오
20147876,95254.jpg,9.00,95254,안개 속에서
20147875,101871.jpg,5.00,101871,컴퓨터 체스
20147874,137327.jpg,8.85,137327,고질라
20147873,147568.jpg,0.00,147568,한나 아렌트
20147870,103327.jpg,10.00,103327,도망자
20147869,122557.jpg,0.00,122557,애도기간
20147868,108862.jpg,9.85,108862,이기자들
20147857,81468.jpg,4.29,81468,대무생
20147856,108256.jpg,4.33,108256,주윤발의 도성풍운
20147855,115239.jpg,7.50,115239,콘크리트 클라우드
20147854,115260.jpg,8.67,115260,"싱가포르에게, 사랑을 담아"
20147853,137225.jpg,0.00,137225,거리에서
20147852,115215.jpg,0.00,115215,갈망아지
20147851,119596.jpg,6.65,119596,리턴매치
20147835,122421.jpg,8.00,122421,S/N
20147834,122422.jpg,5.50,122422,여성은 영웅이다
20147833,122420.jpg,0.00,122420,차우세스쿠의 마지막 순간
20147832,26735.jpg,0.00,26735,분노의 함정
20147831,117506.jpg,10.00,117506,스머프와 마술피리
20147830,28110.jpg,0.00,28110,아메리칸 킥복서
20147829,73420.jpg,4.38,73420,블루스톰 2
20147828,11923.jpg,9.00,11923,안나 크리스티
20147826,103234.jpg,9.77,103234,원 디렉션: 디스 이즈 어스
20147825,33286.jpg,10.00,33286,이탈리아 여행
20147824,122079.jpg,0.00,122079,인간 의자
20147823,140253.jpg,8.20,140253,인형의 집
20147821,104010.jpg,7.00,104010,죽음의 타겟
20147819,154219.jpg,0.00,154219,체이스
20147818,39411.jpg,7.35,39411,키다리 아저씨
20147817,19262.jpg,0.00,19262,타잔 - 데니 밀러 편
20147816,19268.jpg,1.00,19268,타잔 - 마이크 헨리 편 1
20147815,19265.jpg,0.00,19265,정글의 왕 타잔
20147811,128066.jpg,0.00,128066,얼음소녀 전기소녀
20147809,89943.jpg,0.00,89943,이런느낌 저런느낌 시즌2
20147808,118125.jpg,0.00,118125,카타르시스
20147807,120058.jpg,1.00,120058,롯본기 양키전쟁
20147806,120051.jpg,7.92,120051,비포 : 하늘을 나는 강아지의 모험
20147805,111527.jpg,8.68,111527,런치박스
20147803,130342.jpg,7.82,130342,한여름의 판타지아
20147802,148631.jpg,0.00,148631,사랑에 빠지다.
20147801,27056.jpg,8.33,27056,작은 연인들
20147800,66598.jpg,8.62,66598,도화선 무삭제 확장판
20147799,95707.jpg,6.80,95707,존은 끝에 가서 죽는다
20147798,159162.jpg,0.00,159162,오클라호마
20147797,142447.jpg,0.00,142447,마타하리
20147796,29914.jpg,8.00,29914,은술잔
20147794,36353.jpg,4.75,36353,테일 라이트
20147792,121183.jpg,10.00,121183,하루의 플루트
20147791,121184.jpg,0.00,121184,꽃거북 딩동의 엄마구출 대작전
20147790,96327.jpg,8.91,96327,캡틴 아메리카: 윈터 솔져
20147789,134248.jpg,4.15,134248,두번째 엄마
20147788,34431.jpg,8.39,34431,영웅: 천하의 시작
20147787,89198.jpg,7.01,89198,레커스
20147769,102268.jpg,7.26,102268,화이트 스톰
20147729,37299.jpg,0.00,37299,제목없는 이야기
20147728,124927.jpg,9.00,124927,포화속의 우정
20147727,97612.jpg,8.36,97612,그랜드 부다페스트 호텔
20147726,105751.jpg,0.00,105751,비두
20147725,120031.jpg,0.00,120031,에로닌자걸 카에데
20147724,93690.jpg,4.00,93690,더 뮬: 죽음의 질주
20147723,98279.jpg,8.66,98279,투와이스 본
20147722,95252.jpg,7.88,95252,리얼리티: 꿈의 미로
20147721,88187.jpg,9.11,88187,데이 오브 플라워
20147720,161631.jpg,0.00,161631,언포기븐
20147710,19777.jpg,9.00,19777,고종황제와 의사 안중근
20147709,109107.jpg,9.13,109107,어떤 과학의 초전자포
20147707,108051.jpg,6.09,108051,콜로니 : 지구 최후의 날
20147694,116327.jpg,8.23,116327,슈퍼미니
20147693,113163.jpg,8.27,113163,원 챈스
20147692,102304.jpg,6.22,102304,사랑이 필요할 때
20147691,93236.jpg,8.97,93236,초콜렛 도넛
20147690,102279.jpg,5.26,102279,아이스맨
20147689,113153.jpg,7.79,113153,탐엣더팜
20147688,87182.jpg,8.77,87182,로베르토의 특별한 일주일
20147687,120041.jpg,7.86,120041,러브 인 비즈니스클래스
20147686,107936.jpg,6.76,107936,그랜드 센트럴
20147685,103320.jpg,6.71,103320,더 파크랜드
20147684,103178.jpg,8.28,103178,리스본행 야간열차
20147683,94766.jpg,8.66,94766,라스트베가스
20147682,104283.jpg,7.50,104283,시험에 들지말게 하옵시며!!
20147681,95437.jpg,7.80,95437,디아즈: 이 피를 지우지 말라
20147680,106565.jpg,7.94,106565,메트로: 마지막 탈출
20147679,108734.jpg,8.50,108734,필로미나의 기적
20147678,97647.jpg,7.77,97647,어거스트: 가족의 초상
20147676,42003.jpg,8.00,42003,차갑고 좁은
20147675,132367.jpg,0.00,132367,시간의 결
20147670,111199.jpg,1.00,111199,백일몽
20147669,99714.jpg,8.87,99714,엑스맨: 데이즈 오브 퓨처 패스트
20147668,30742.jpg,8.50,30742,비명도시
20147667,47778.jpg,9.75,47778,가변차선
20147649,146221.jpg,10.00,146221,벨과 세바스찬
20147648,89992.jpg,6.96,89992,라이프 오브 시몬
20147637,156109.jpg,0.00,156109,Milk
20147636,22061.jpg,6.45,22061,어린 연인
20147635,139212.jpg,0.00,139212,2월
20147634,144352.jpg,5.22,144352,커튼콜
20147633,138155.jpg,8.09,138155,남매
20147632,125120.jpg,6.50,125120,알레르기
20147631,130073.jpg,10.00,130073,파킹찬스
20147630,122380.jpg,9.00,122380,사브라
20147629,126759.jpg,8.00,126759,황찡과 마부
20147628,119578.jpg,7.71,119578,잭보이
20147627,149799.jpg,0.00,149799,자매의 가족
20147625,100639.jpg,8.79,100639,달라스 바이어스 클럽
20147624,122369.jpg,9.73,122369,4학년 보경이
20147623,148648.jpg,0.00,148648,피서
20147621,150977.jpg,0.00,150977,수지
20147613,144081.jpg,7.56,144081,그레이의 50가지 그림자
20147612,100610.jpg,7.36,100610,쓰리데이즈 투 킬
20147610,120056.jpg,9.67,120056,볼쇼이 스페셜 갈라
20147609,117861.jpg,6.32,117861,헤라클레스 : 레전드 비긴즈
20147608,120027.jpg,4.00,120027,전망 좋은 하우스 - 맛있는 섹스
20147588,131929.jpg,9.86,131929,바캉스
20147587,151288.jpg,4.04,151288,침입자
20147586,150194.jpg,0.00,150194,어느 날 갑자기
20147585,125117.jpg,10.00,125117,어젯밤에 연희가 날 더듬은 것 같은데
20147584,94854.jpg,8.40,94854,스턱 인 러브
20147583,92597.jpg,3.25,92597,소울 오브 락
20147582,120008.jpg,5.75,120008,그녀의 팬티스타킹
20147581,117287.jpg,0.00,117287,나오코의 신혼생활 백서
20147580,120028.jpg,0.00,120028,노리개 시즈카 부인
20147579,120029.jpg,0.00,120029,메이드하녀-금단의봉사
20147578,120039.jpg,0.00,120039,수영복 불륜정사
20147577,117283.jpg,0.00,117283,아로마 마사지의 유혹
20147576,120044.jpg,0.00,120044,유미카의 음란한 입사시험
20147575,120045.jpg,0.00,120045,유우나의 부드러운 사랑
20147574,117288.jpg,0.00,117288,유부녀의 상상간음
20147573,117294.jpg,3.33,117294,3억원에 낙찰된 여자
20147572,120046.jpg,4.00,120046,폭유!수영교실
20147571,117289.jpg,0.00,117289,재팬아나운서 나나세
20147570,117285.jpg,0.00,117285,충격! 번개 스와핑
20147567,91399.jpg,6.02,91399,체르노빌 다이어리
20147565,120022.jpg,4.80,120022,비밀과외
20147564,117274.jpg,2.50,117274,정사의 시작
20147562,135520.jpg,0.00,135520,트라이앵글
20147561,125806.jpg,0.00,125806,Dear Friend
20147560,72235.jpg,7.20,72235,엘로이즈: 그녀들의 사랑
20147559,120048.jpg,8.58,120048,닐스의 모험
20147558,117297.jpg,6.95,117297,피쉬와 칩스 극장판
20147557,110127.jpg,5.98,110127,이디야와 얼음왕국의 전설
20147553,77991.jpg,7.71,77991,현모양처
20147551,35190.jpg,9.00,35190,임소요
20147549,32399.jpg,0.00,32399,공공장소
20147547,161500.jpg,9.83,161500,Wake up?
20147532,149160.jpg,9.00,149160,수족관
20147531,51842.jpg,6.51,51842,사람을 찾습니다
20147529,143473.jpg,8.20,143473,아빠
20147528,156542.jpg,10.00,156542,랑데부
20147527,113315.jpg,8.97,113315,그날 본 꽃의 이름을 우리는 아직 모른다
20147518,57058.jpg,0.00,57058,광기의 정의
20147517,31264.jpg,7.67,31264,헬프리스
20147515,37267.jpg,0.00,37267,차가운 피
20147514,124137.jpg,0.00,124137,유언
20147513,57033.jpg,0.00,57033,바보는 피곤해지지 않는다
20147512,149134.jpg,0.00,149134,로스트 앤 파운드
20147472,150492.jpg,0.00,150492,노바디 웍스
20147471,55148.jpg,0.00,55148,혁명가적 자질 - 자아관념
20147470,56979.jpg,0.00,56979,내추럴 보이즈
20147469,161232.jpg,0.00,161232,아메리칸 드림
20147468,117292.jpg,7.14,117292,쇼킹잡 - 원스 어폰 어 포르노
20147467,120030.jpg,7.17,120030,스티븐 시걸의 비밀경찰
20147451,120043.jpg,7.36,120043,철의 꿈
20147450,151546.jpg,9.00,151546,공항가는 길
20147449,95844.jpg,6.28,95844,메콩호텔
20147448,117273.jpg,0.00,117273,치한전철 속 불륜
20147447,146341.jpg,1.00,146341,유혹의 기술
20147432,120042.jpg,8.13,120042,야간비행
20147431,56958.jpg,0.00,56958,갑각류를 요리하는 빨간 조리법
20147430,101961.jpg,6.98,101961,모뉴먼츠 맨: 세기의 작전
20147429,155417.jpg,0.00,155417,노웨어
20147428,56949.jpg,10.00,56949,오늘 저녁엔
20147427,56952.jpg,7.33,56952,조선간장
20147408,120038.jpg,0.00,120038,호텔플라워즈
20147407,93691.jpg,7.50,93691,프로즌 그라운드
20147388,152184.jpg,7.50,152184,괜찮아!
20147387,97483.jpg,7.69,97483,스타렛
20147379,120033.jpg,7.93,120033,중2병이라도 사랑이 하고 싶어! 극장판
20147378,56918.jpg,0.00,56918,복수의 길
20147377,51958.jpg,8.00,51958,서툰 외면
20147376,56923.jpg,0.00,56923,자매는 모두 떠났는가?
20147373,117284.jpg,0.00,117284,하녀방의 특별서비스
20147372,96054.jpg,8.90,96054,슈퍼노바 지구 탈출기
20147371,130762.jpg,0.00,130762,카운터클락와이즈
20147370,117566.jpg,0.00,117566,무방비 도시
20147369,61742.jpg,8.50,61742,여름이 끝나가다
20147368,68069.jpg,9.83,68069,그냥 거기에 있었다
20147348,118157.jpg,8.00,118157,루시리우의 노마드
20147347,118649.jpg,5.27,118649,바일-게임 오브 더 페인
20147318,102280.jpg,6.08,102280,무간지옥 - 아웃 오브 인페르노
20147317,10576.jpg,9.00,10576,인터멧조
20147315,90863.jpg,6.98,90863,페인 앤 게인
20147314,99555.jpg,6.10,99555,킬러 광대
20147312,98413.jpg,8.33,98413,위 아 더 밀러스
20147311,129461.jpg,7.84,129461,인페르노
20147310,15319.jpg,7.45,15319,저주의 카메라
20147309,66466.jpg,6.63,66466,진구세주전설 북두의 권 - 유리아전
20147308,40891.jpg,9.50,40891,짱구는 못말려 극장판 10 : 태풍을 부르는 앗파레! 전국대합전
20147307,139595.jpg,0.00,139595,지네!
20147306,112820.jpg,5.25,112820,아메리칸 슬라이스
20147304,122252.jpg,0.00,122252,배드 비즈니스
20147303,151553.jpg,7.00,151553,리썰
20147302,107921.jpg,7.79,107921,미하엘 콜하스의 선택
20147301,98276.jpg,8.93,98276,굿모닝 맨하탄
20147300,53451.jpg,5.14,53451,레릭 2 - 돌아온 전설
20147290,95330.jpg,7.68,95330,더 월드스 엔드
20147289,50535.jpg,3.59,50535,데드워터
20147288,90635.jpg,5.95,90635,두 얼굴의 전쟁
20147287,132270.jpg,0.00,132270,디스 이즈 디 엔드
20147284,118618.jpg,8.34,118618,꼬마 니콜라의 여름방학
20147282,105066.jpg,6.83,105066,우리별 일호와 얼룩소
20147281,129046.jpg,8.90,129046,리틀 보이
20147279,144488.jpg,0.00,144488,봄바람
20147276,48160.jpg,0.00,48160,무빙 파노라마
20147275,112513.jpg,8.00,112513,통조림
20147272,62177.jpg,8.00,62177,낫시리아
20147271,104293.jpg,7.24,104293,발칙한 러브스캔들
20147270,150143.jpg,10.00,150143,이만원
20147269,157228.jpg,0.00,157228,레이디 퍼스트
20147268,134532.jpg,0.00,134532,스토리텔러
20147261,137437.jpg,8.95,137437,토스카
20147260,67510.jpg,10.00,67510,얼음무지개
20147257,112602.jpg,0.00,112602,팔스타프
20147255,125823.jpg,7.57,125823,베르테르
20147254,126379.jpg,6.00,126379,라 보엠
20147253,129714.jpg,7.50,129714,코지 판 투테
20147252,122001.jpg,7.00,122001,라 체네렌톨라
20147250,102639.jpg,7.99,102639,폴리스 스토리 2014
20147249,89264.jpg,5.04,89264,사일런트 스크림
20147248,120034.jpg,7.21,120034,알파: 바르셀로나 마피아
20147247,91192.jpg,7.18,91192,300: 제국의 부활
20147238,160825.jpg,0.00,160825,The crossing
20147234,117271.jpg,0.00,117271,여직원의 도발과 불륜
20147233,86966.jpg,7.73,86966,워리어스 레인보우: 항전의 시작
20147231,142363.jpg,8.00,142363,찬가
20147227,120001.jpg,3.33,120001,코드네임 더 몰
20147209,105992.jpg,4.00,105992,엠부쉬
20147208,120002.jpg,7.17,120002,쉬: 그녀의 비밀
20147206,151129.jpg,0.00,151129,사과
20147203,50510.jpg,0.00,50510,소년은 자란다
20147202,50675.jpg,9.50,50675,"투수, 타자를 만나다"
20147189,147891.jpg,0.00,147891,시대의 증언자 렌즈 촛불을 보다
20147176,117774.jpg,7.81,117774,상의원
20147175,160351.jpg,0.00,160351,트러블 메이커
20147171,52723.jpg,0.00,52723,G8 잡으러 간 고양이들
20147167,68983.jpg,7.00,68983,새로운 인생
20147164,54609.jpg,8.71,54609,이상한 나라의 바툼바
20147155,162582.jpg,0.00,162582,피쉬
20147151,52678.jpg,10.00,52678,시향의 브람스
20147149,50474.jpg,0.00,50474,"철탑, 2008년 2월 25일 박현상씨"
20147148,51229.jpg,0.00,51229,김추자: 무인도
20147147,70129.jpg,0.00,70129,탑골당만행사건
20147134,89703.jpg,0.00,89703,서울극장
20140725,128110.jpg,8.00,128110,112번의 결혼식
20140724,119643.jpg,9.33,119643,마르마토
20140723,128774.jpg,8.79,128774,달에 부는 바람
20140722,119664.jpg,9.69,119664,홈스는 불타고 있다
20140721,119633.jpg,9.33,119633,그 노래를 기억하세요?
20140704,125802.jpg,6.38,125802,비밀은 없다
20140703,120125.jpg,8.85,120125,장수상회
20140702,128786.jpg,0.00,128786,에스프리
20140694,152654.jpg,5.75,152654,퓨리
20140691,128812.jpg,7.00,128812,극장판 트레인 히어로
20140690,113977.jpg,9.56,113977,팀스 버미어
20140689,14108.jpg,8.89,14108,파리 대탈출
20140688,13424.jpg,7.70,13424,파리는 불타고 있는가?
20140687,124700.jpg,5.06,124700,파이널 리코스
20140686,126516.jpg,7.89,126516,파이팅 맨
20140685,61914.jpg,10.00,61914,파헬리
20140684,125849.jpg,4.86,125849,플레이 포 데스
20140683,85859.jpg,5.83,85859,하드 라이드 투 헬
20140682,91274.jpg,0.00,91274,히어즈 더 킥커
20140661,99731.jpg,1.81,99731,슈퍼 사이클론 스톰
20140645,123483.jpg,5.89,123483,조이 라이드 3
20140644,104703.jpg,8.64,104703,짜릿한 폰섹스 컴퍼니
20140641,73761.jpg,0.00,73761,코일라
20140634,84170.jpg,7.00,84170,교수목
20140633,60746.jpg,8.29,60746,메후나
20140631,16835.jpg,8.33,16835,네바다 스미스
20140630,20757.jpg,8.60,20757,뉘른베르크의 재판
20140629,114275.jpg,9.11,114275,클래스 오브 92
20140628,106894.jpg,7.67,106894,프리티 원
20140626,11192.jpg,8.48,11192,레마겐의 철교
20140625,101059.jpg,8.14,101059,레이스 2
20140623,128232.jpg,0.00,128232,마블: 슈퍼 히어로 군단의 비밀
20140621,123062.jpg,0.00,123062,모텔 파라다이스에서 생긴일
20140619,112251.jpg,7.00,112251,배드 애시즈
20140618,67494.jpg,9.59,67494,버드가의 섬
20140617,126301.jpg,4.37,126301,북 오브 더 데드 : 사자의 서
20140616,140010.jpg,8.06,140010,사랑때문에
20140615,46473.jpg,9.50,46473,살라미나의 병사들
20140614,108755.jpg,0.00,108755,빅 하트 시티
20140613,62928.jpg,0.00,62928,서부로 가는 길
20140612,151116.jpg,9.00,151116,섹스게임
20140611,144427.jpg,0.00,144427,셰임
20140609,109920.jpg,8.68,109920,아메리칸 셰프
20140608,113275.jpg,0.00,113275,스타라이트 & 슈퍼피쉬
20140606,86725.jpg,5.00,86725,에어리언 플레닛
20140605,143268.jpg,1.00,143268,위험한 가정교사
20140604,93932.jpg,6.44,93932,윈터스 테일
20140603,91503.jpg,8.33,91503,인비저블 우먼
20140563,42067.jpg,8.14,42067,명검
20140562,125816.jpg,4.10,125816,욕망의 독: 중독
20140561,123075.jpg,5.80,123075,시실리 : 피의 전쟁
20140550,38413.jpg,4.50,38413,기디언 경감
20140549,103327.jpg,10.00,103327,도망자
20140548,123538.jpg,5.00,123538,항간의 화제
20140547,123537.jpg,9.75,123537,순례여행
20140546,44428.jpg,0.00,44428,네 아들
20140539,127638.jpg,0.00,127638,똥은 화장실에서
20140538,127639.jpg,0.00,127639,콩콩나의 우주 모험
20140537,125023.jpg,10.00,125023,비나이다
20140536,140617.jpg,9.00,140617,잃어버린 조각
20140534,127642.jpg,0.00,127642,내 날개의 색
20140533,127643.jpg,0.00,127643,나의 작은 구름
20140532,140868.jpg,3.71,140868,방과 후
20140531,127644.jpg,0.00,127644,인생은 짧다
20140530,154523.jpg,10.00,154523,에그!
20140529,127646.jpg,0.00,127646,새하늘 새땅
20140528,127647.jpg,0.00,127647,언톨드 언씬
20140527,157132.jpg,0.00,157132,메멘토 모리
20140526,127649.jpg,0.00,127649,크리스마스를 맞이하며
20140525,127650.jpg,0.00,127650,아프가니스탄 인형
20140524,94829.jpg,7.55,94829,툼스톤
20140523,149568.jpg,0.00,149568,사진
20140522,125807.jpg,5.77,125807,옹녀뎐
20140521,101047.jpg,4.19,101047,배드 키즈 고우 투 헬
20140505,127549.jpg,0.00,127549,프라이탁 성탄절 영화
20140504,161128.jpg,0.00,161128,원 러브
20140503,127551.jpg,0.00,127551,악마 성지로 가다
20140502,127552.jpg,0.00,127552,붐바와 툼바
20140501,124704.jpg,0.00,124704,친구가 아니야
20140500,127553.jpg,0.00,127553,린카쿠
20140499,127554.jpg,0.00,127554,베일드
20140498,127555.jpg,0.00,127555,우리의 빛
20140497,127556.jpg,0.00,127556,콘텐티
20140496,127557.jpg,0.00,127557,파국
20140495,127558.jpg,0.00,127558,로터리 클럽 - 소아마비
20140494,156620.jpg,0.00,156620,거지
20140493,161142.jpg,0.00,161142,브레이킹
20140492,127560.jpg,0.00,127560,사탕 아님 속임수?
20140491,127561.jpg,0.00,127561,낯선 무리
20140490,126397.jpg,5.65,126397,심판자
20140489,127562.jpg,0.00,127562,알로에
20140488,127563.jpg,0.00,127563,꿈의 나라
20140487,127564.jpg,0.00,127564,하우로우 심파시
20140486,127565.jpg,10.00,127565,갤럭시 키즈 파일럿
20140485,72107.jpg,0.00,72107,곤 매드
20140484,127621.jpg,0.00,127621,노치오라타 비르가레 광고
20140483,127622.jpg,0.00,127622,딸깍! 텔레비전 현상
20140482,127624.jpg,0.00,127624,꽃돼지
20140481,126383.jpg,0.00,126383,몸탐정
20140468,155024.jpg,0.00,155024,양들
20140467,127533.jpg,0.00,127533,검은 흙
20140466,119755.jpg,0.00,119755,용감한 선장
20140465,127534.jpg,0.00,127534,"피피, 푸푸와 로즈마리와 마술 피리"
20140464,127535.jpg,10.00,127535,핀과 제이크의 어드벤처 타임 '푸호이'
20140463,102098.jpg,7.18,102098,깡통
20140462,141954.jpg,0.00,141954,그라미의 서커스 쇼
20140461,117269.jpg,8.14,117269,"서른아홉, 열아홉"
20140460,127536.jpg,0.00,127536,미니 닌자스
20140459,92004.jpg,8.20,92004,킬 유어 달링
20140458,101972.jpg,7.46,101972,노벰버 맨
20140457,127537.jpg,0.00,127537,플랑크톤의 침입 - 완전 차단 작전
20140456,162552.jpg,0.00,162552,에코
20140455,127538.jpg,0.00,127538,수퍼봇-말썽쟁이 돋보기
20140453,158787.jpg,5.13,158787,포토그래퍼
20140452,127540.jpg,0.00,127540,당근의 향기
20140451,127541.jpg,0.00,127541,코뿔소 락
20140450,42129.jpg,8.50,42129,일요일은 참으세요
20140449,13680.jpg,8.05,13680,언제나 둘이서
20140448,125270.jpg,9.69,125270,삼총사
20140447,162555.jpg,0.00,162555,황혼
20140446,147741.jpg,0.00,147741,듀크
20140445,160856.jpg,0.00,160856,핼리
20140444,140136.jpg,0.00,140136,헬로 카봇
20140443,156999.jpg,0.00,156999,애프터 파티
20140442,127542.jpg,0.00,127542,지젤과 버니
20140441,127543.jpg,0.00,127543,꼬꼬 조각보
20140431,149248.jpg,9.44,149248,메이즈 러너
20140429,30546.jpg,8.28,30546,우리의 환대
20140428,36907.jpg,7.88,36907,스팀보트 빌 주니어
20140427,119811.jpg,10.00,119811,여행의 묘미
20142881,93687.jpg,7.20,93687,와이 스톱 나우
20142857,120565.jpg,7.96,120565,슈퍼처방전
20142856,115981.jpg,4.84,115981,나의 절친 악당들
20142855,129051.jpg,7.86,129051,성난 변호사
20142854,102873.jpg,4.77,102873,토카레브
20142852,156480.jpg,0.00,156480,행복
20142845,128753.jpg,0.00,128753,850 미터
20142844,115701.jpg,5.86,115701,본타: 땅콩왕국의 전설
20142843,101953.jpg,8.29,101953,꾸뻬씨의 행복여행
20142842,157404.jpg,5.50,157404,오로라
20142841,104602.jpg,0.00,104602,인 더 케이지
20142840,152250.jpg,0.00,152250,페이스
20142834,140295.jpg,0.00,140295,물어보고 싶은 게 있어
20142833,131939.jpg,0.00,131939,한그릇 한모금
20142832,159774.jpg,0.00,159774,굿바이
20142831,130753.jpg,10.00,130753,팬티 벗고 덤벼
20142830,144641.jpg,0.00,144641,풍장
20142829,127938.jpg,7.00,127938,69일 후
20142827,129105.jpg,7.71,129105,여름 기류
20142826,162156.jpg,0.00,162156,경계
20142825,102805.jpg,5.46,102805,라이어
20142823,131834.jpg,0.00,131834,비상구
20142821,156698.jpg,0.00,156698,여행기
20142812,125712.jpg,5.07,125712,거짓말 2014
20142808,160824.jpg,0.00,160824,초콜릿
20142798,154814.jpg,8.62,154814,"제자, 옥한흠"
20142797,103814.jpg,10.00,103814,생일 선물
20142796,88542.jpg,0.00,88542,촛불이야기
20142795,130979.jpg,6.71,130979,모멘텀
20142793,154606.jpg,0.00,154606,우리들의 낙원
20142788,148338.jpg,9.20,148338,동급생
20142787,119744.jpg,0.00,119744,오늘이 그 날
20142782,160336.jpg,0.00,160336,더라이트
20142778,107030.jpg,3.50,107030,성범죄 수사대
20142741,90599.jpg,7.31,90599,혼스
20142734,119579.jpg,3.68,119579,터치 바이 터치
20142733,118993.jpg,7.80,118993,해피 크리스마스
20142732,129058.jpg,0.00,129058,리턴드
20142731,129763.jpg,0.00,129763,해녀 테라스 여신
20142730,109193.jpg,9.81,109193,To
20142729,129762.jpg,0.00,129762,여왕벌의욕정
20142728,130704.jpg,6.08,130704,벤데타: 피의 복수
20142726,122699.jpg,0.00,122699,"서른 넷, 길 위에서"
20142725,105883.jpg,10.00,105883,AURA ~마류인 코우가 최후의 싸움
20142724,150402.jpg,0.00,150402,노이즈
20142723,149149.jpg,10.00,149149,두 번째 사랑
20142721,156321.jpg,0.00,156321,드로나
20142720,162484.jpg,0.00,162484,베어스
20142719,126388.jpg,5.50,126388,러브 드라이브
20142718,123531.jpg,0.00,123531,로스트 리버 - 링컨의 비밀병기
20142717,123530.jpg,1.00,123530,로스트 미션
20142716,122158.jpg,6.52,122158,맘스 나이트 아웃
20142715,109694.jpg,8.27,109694,머펫 모스트 원티드
20142714,76740.jpg,5.50,76740,미션! 수영의 여왕
20142713,94173.jpg,0.00,94173,미키마우스 클럽하우스
20142712,106394.jpg,5.50,106394,서바이벌 게임
20142711,154976.jpg,10.00,154976,선택
20142710,160547.jpg,0.00,160547,스케이프
20142709,125808.jpg,3.42,125808,악마의 진실
20142708,104277.jpg,4.00,104277,어둠의 게임
20142707,86934.jpg,7.58,86934,에바 : 위험한 관계
20142706,154349.jpg,9.16,154349,시소
20142704,128209.jpg,7.75,128209,탭 아웃
20142703,136761.jpg,0.00,136761,트레져 아일랜드
20142702,143025.jpg,0.00,143025,하우스 오브 베르사체
20142701,130905.jpg,7.61,130905,"모모세, 여기를 봐"
20142689,103780.jpg,6.65,103780,오토마타
20142688,116713.jpg,0.00,116713,히치하이크
20142684,141951.jpg,0.00,141951,코비치
20142683,158548.jpg,9.00,158548,자화상
20142680,32694.jpg,5.52,32694,지난 밤
20142679,150320.jpg,0.00,150320,보물
20142678,141931.jpg,10.00,141931,사랑받기 위해 태어난 사람
20142676,16576.jpg,10.00,16576,악순환
20142669,156950.jpg,0.00,156950,파노라마
20142668,123637.jpg,0.00,123637,바라보다
20142665,111156.jpg,10.00,111156,마법구슬
20142661,129761.jpg,9.14,129761,제4 이노베이터
20142642,119430.jpg,8.21,119430,아포칼립스-엑스
20142641,107374.jpg,6.72,107374,나를 잊지 말아요
20142629,115032.jpg,0.00,115032,구피와 바가의 세계
20142628,95926.jpg,8.78,95926,달사람
20142626,126157.jpg,0.00,126157,쿠! 킨-자-자
20142625,150241.jpg,0.00,150241,루루
20142624,131895.jpg,8.15,131895,창백한 얼굴들
20142623,131894.jpg,7.04,131894,화산고래
20142622,120099.jpg,0.00,120099,언트 일다!
20142621,124025.jpg,7.12,124025,시간이탈자
20142583,77782.jpg,0.00,77782,에로만화원작 변태두꺼비교사
20142581,104027.jpg,6.46,104027,닌자2: 섀도우 어쌔신
20142561,93218.jpg,4.91,93218,7번째 아들
20142523,129759.jpg,6.87,129759,사토미를 찾아라
20142506,156114.jpg,9.82,156114,하루
20142503,126853.jpg,6.71,126853,갈증
20142502,125719.jpg,5.50,125719,변태여고생 왕가슴사야카
20142501,130904.jpg,7.89,130904,아라벨라
20142482,101996.jpg,7.65,101996,더 드롭
20142481,161263.jpg,0.00,161263,왓 이프
20142444,86104.jpg,7.60,86104,나의 멋진 친구들
20142443,101878.jpg,4.50,101878,개인교수 2014
20142441,130705.jpg,3.49,130705,드라큘라 2014
20142422,124807.jpg,7.30,124807,화이트 갓
20142421,107370.jpg,7.68,107370,"러브, 로지"
20142407,74027.jpg,6.66,74027,오늘의 연애
20142406,115504.jpg,7.76,115504,탐정 홍길동: 사라진 마을
20142405,103733.jpg,3.13,103733,CCTV
20142404,160559.jpg,0.00,160559,레볼루션
20142403,117773.jpg,8.10,117773,늙은 자전거
20142402,120123.jpg,6.88,120123,간신
20142401,143925.jpg,6.30,143925,파리의 한국남자
20142361,107082.jpg,8.75,107082,푸에블라대전투 1862 싱코데마요
20142341,110653.jpg,7.71,110653,웨스턴 리벤지
20142322,129758.jpg,4.10,129758,가자! 장미여관으로 3 - 방황
20142303,131949.jpg,10.00,131949,빙신
20142302,144923.jpg,10.00,144923,메이데이
20142301,109971.jpg,8.39,109971,박스트롤
20142283,107864.jpg,6.26,107864,바운티 킬러
20142282,124845.jpg,7.94,124845,리바이어던
20142181,129722.jpg,5.94,129722,내일까지 5분전
20142172,102445.jpg,1.00,102445,썬더스톰 : 토르의 귀환
20142171,128208.jpg,7.44,128208,아메리칸 행오버
20142170,109192.jpg,7.14,109192,아트 오브 더 스틸
20142169,78273.jpg,0.00,78273,알바니아인
20142168,63862.jpg,0.00,63862,앤더슨빌
20142167,127704.jpg,0.00,127704,어친
20142166,146193.jpg,8.24,146193,연인
20142165,126349.jpg,5.94,126349,열애
20142164,128587.jpg,0.00,128587,영광의 대가
20142163,123540.jpg,2.00,123540,오럴 픽세이션
20142162,143193.jpg,0.00,143193,용의자
20142161,119863.jpg,3.64,119863,인디펜던스 데이 : 지구침공
20142160,91610.jpg,0.00,91610,제리 코튼
20142159,26450.jpg,8.37,26450,전장의 크리스마스
20142158,101656.jpg,4.76,101656,좀비들의 도시 베가스
20142156,129102.jpg,0.00,129102,다코타 썸머
20142155,156480.jpg,0.00,156480,키
20142153,19563.jpg,0.00,19563,토린호의 운명
20142152,125835.jpg,0.00,125835,포르노 스타의 탄생
20142149,146101.jpg,0.00,146101,플립 어 코인
20142148,82347.jpg,6.72,82347,피터팬 : 전설의 시작
20142146,128815.jpg,9.25,128815,파워레인저 고버스터즈 VS 캡틴포스
20142145,123579.jpg,0.00,123579,미키 마우스와 악당의 집
20142144,116980.jpg,10.00,116980,낯선 사람들
20142143,129757.jpg,0.00,129757,원장이 오기전에-그놈의 협박
20142142,107781.jpg,7.82,107781,이별까지 7일
20142141,130088.jpg,8.54,130088,세상의 끝에서 커피 한잔
20142131,132606.jpg,9.31,132606,파랑새
20142130,129755.jpg,5.03,129755,에이지 오브 다이노소어
20142129,89307.jpg,6.76,89307,청풍자
20142128,162155.jpg,10.00,162155,Alone
20142126,125720.jpg,8.67,125720,차르 암살
20142125,30847.jpg,8.64,30847,데르수 우잘라
20142124,125721.jpg,8.00,125721,붉은 나무 딸기
20142123,49546.jpg,6.00,49546,사막의 태양
20142122,20332.jpg,8.48,20332,안드레이 루블료프
20142121,125722.jpg,9.30,125722,병사의 발라드
20142116,118953.jpg,8.34,118953,거울
20142113,46668.jpg,0.00,46668,나도 할 수 있어!
20142112,14946.jpg,8.00,14946,승리의 탭 댄스
20142110,100677.jpg,8.17,100677,타임 투 러브
20142109,162148.jpg,0.00,162148,샘
20142107,123038.jpg,8.00,123038,세인트 로즈
20142106,100133.jpg,3.33,100133,세터데이 모닝
20142105,127333.jpg,7.34,127333,셔플
20142081,151624.jpg,9.12,151624,여자는 여자다
20142070,123493.jpg,4.18,123493,헨젤과 그레텔 2014
20142069,105270.jpg,3.95,105270,스톰 둠스데이
20142068,81353.jpg,6.25,81353,런어웨이 걸
20142067,116506.jpg,5.31,116506,스킨워커랜치
20142063,97951.jpg,8.20,97951,장래희망
20142062,154558.jpg,10.00,154558,상자
20142060,117357.jpg,0.00,117357,노상강도
20142055,70163.jpg,9.83,70163,나만의 비밀
20142054,125890.jpg,0.00,125890,코야 플라워
20142052,116601.jpg,0.00,116601,도그내퍼
20142051,149506.jpg,9.06,149506,달리기
20142050,116780.jpg,0.00,116780,내 작은 방!
20142049,114005.jpg,0.00,114005,바하르
20142047,150319.jpg,0.00,150319,치카라
20142046,122302.jpg,0.00,122302,겨울 산 소녀
20142043,121245.jpg,10.00,121245,헬륨
20142042,132161.jpg,0.00,132161,외출
20142041,152881.jpg,0.00,152881,실 이야기
20142034,123047.jpg,0.00,123047,온천탕 애욕정사
20142033,126394.jpg,0.00,126394,끝장난 간호사-변태 간호 실습
20142032,128217.jpg,0.00,128217,도쿄 하숙집 여주인
20142031,128216.jpg,0.00,128216,블로그 섹스의 점수
20142030,129718.jpg,10.00,129718,후배의 뜨거운 사랑
20142029,126387.jpg,0.00,126387,젊은 유부녀의 과거
20142028,126400.jpg,0.00,126400,아내들의 즐거운 알바
20142027,129712.jpg,1.00,129712,혼전 순결 여대생의 정사
20142026,126399.jpg,0.00,126399,스튜어디스 애처일기
20142025,126396.jpg,0.00,126396,야한 부인의 유혹
20142024,130245.jpg,0.00,130245,지독한 동거-꿈속의 정사
20142023,103765.jpg,7.43,103765,아더 우먼
20142022,154493.jpg,0.00,154493,인 더 블러드
20142021,103685.jpg,7.13,103685,마인드스케이프
20142008,109433.jpg,7.25,109433,12 디재스터
20142007,123541.jpg,5.00,123541,99 피시스
20142006,153268.jpg,0.00,153268,로스트 인 시베리아
20142004,123071.jpg,5.83,123071,매력적인 가정부의 은밀한 손터치
20142002,82615.jpg,4.57,82615,베헤모스 : 괴물의 습격
20142001,84533.jpg,0.00,84533,벨빌-도쿄
20141994,152558.jpg,0.00,152558,햄릿
20141993,97738.jpg,7.96,97738,러브 이즈 올
20141991,116455.jpg,7.08,116455,기관총을 든 미녀의 목을 가져와라
20141990,108007.jpg,6.67,108007,데드하우스
20141989,99726.jpg,7.19,99726,돔 헤밍웨이
20141988,103525.jpg,0.00,103525,랑길라
20141987,117393.jpg,0.00,117393,라이츠 오브 패시지
20141986,71765.jpg,10.00,71765,내 말대로 해줘!
20141985,103355.jpg,8.38,103355,작은 영혼의 쉼터
20141923,154682.jpg,0.00,154682,변신
20141922,130150.jpg,0.00,130150,삶에게
20141921,130149.jpg,0.00,130149,할머니의 행운
20141911,142638.jpg,10.00,142638,헨리
20141910,130148.jpg,0.00,130148,"안녕, 릴리안"
20141909,130223.jpg,0.00,130223,논바닥 패션쇼
20141908,130224.jpg,0.00,130224,논바닥 뮤지컬
20141907,119491.jpg,9.87,119491,"킬러 앞에, 노인"
20141906,130146.jpg,0.00,130146,달구비
20141905,130145.jpg,10.00,130145,우리집 진돌이
20141904,129285.jpg,10.00,129285,흰둥이
20141903,130144.jpg,0.00,130144,독거가족
20141902,130221.jpg,0.00,130221,사부인
20141901,92427.jpg,8.41,92427,대공습
20141881,100039.jpg,3.50,100039,생존게임 247°F
20141862,127339.jpg,5.40,127339,샤크 스톰
20141846,101929.jpg,5.25,101929,어느 창녀의 하루
20141845,130147.jpg,0.00,130147,미망(迷妄)의 계절
20141844,130143.jpg,10.00,130143,까칠이와 더펄이
20141843,130142.jpg,0.00,130142,‘장수 돌침대’ 없어도
20141842,130141.jpg,0.00,130141,야단법석
20141841,125761.jpg,0.00,125761,신봉청춘뉴스
20141829,159827.jpg,3.55,159827,카메라
20141828,130139.jpg,0.00,130139,티격태격 알콩달콩
20141827,130138.jpg,0.00,130138,발모스
20141826,143780.jpg,9.00,143780,동행
20141825,130136.jpg,0.00,130136,"음악감상실 녹향, 환희의 송가"
20141824,130135.jpg,0.00,130135,黃昏의 春夢
20141823,125762.jpg,0.00,125762,황혼기의 사랑
20141822,130134.jpg,0.00,130134,남제골 우물 이야기
20141821,101973.jpg,6.17,101973,리저너블 다우트
20141808,103755.jpg,5.12,103755,백발마녀전: 명월천국
20141807,129707.jpg,7.00,129707,파멜라 로즈 살인사건
20141806,129711.jpg,7.11,129711,미녀 파이터 : 그녀들의 전쟁
20141805,153054.jpg,0.00,153054,발자욱
20141804,130132.jpg,0.00,130132,시간이 없다
20141803,130131.jpg,0.00,130131,어느 할머니의 80년 오월이야기
20141802,130130.jpg,0.00,130130,다시 피는 망초
20141801,125763.jpg,0.00,125763,무감각한 습관들
20141783,67514.jpg,6.60,67514,맵 투 더 스타
20141782,105545.jpg,0.00,105545,가디언스
20141781,101939.jpg,6.73,101939,꼬마잠수함 올리
20141776,109624.jpg,8.86,109624,숏텀 12
20141769,125473.jpg,8.17,125473,원더우먼!
20141768,122636.jpg,0.00,122636,수전 손택에 관하여
20141767,130322.jpg,10.00,130322,외모등급
20141766,130321.jpg,0.00,130321,우리 공주님
20141765,150279.jpg,0.00,150279,소풍
20143149,129752.jpg,0.00,129752,드로잉 공주
20143134,139204.jpg,0.00,139204,스위머
20143133,101265.jpg,10.00,101265,전력질주
20143131,122985.jpg,10.00,122985,손에 손잡고
20143130,140464.jpg,0.00,140464,이모션
20143129,128853.jpg,0.00,128853,지금은 거짓말 할때가 아니야
20143128,125730.jpg,10.00,125730,쉬는 시간
20143123,162372.jpg,0.00,162372,키스
20143122,129726.jpg,0.00,129726,나비의 노래
20143121,116233.jpg,7.92,116233,패신저
20143107,96129.jpg,8.28,96129,토미웅거러 스토리
20143106,122306.jpg,0.00,122306,오르페우스
20143105,137812.jpg,10.00,137812,우리 할머니
20143104,156480.jpg,0.00,156480,행복
20143103,125747.jpg,0.00,125747,겨울 소풍
20143101,160985.jpg,0.00,160985,정사
20143081,125711.jpg,9.04,125711,그 사람 그 사랑 그 세상
20143061,158345.jpg,0.00,158345,택시 드라이버
20143060,142506.jpg,8.00,142506,얘기
20143059,129733.jpg,0.00,129733,좋은 아이
20143058,125737.jpg,0.00,125737,육아체험
20143057,155136.jpg,0.00,155136,방울
20143055,137648.jpg,10.00,137648,제발
20143053,141260.jpg,7.34,141260,심판
20143052,125735.jpg,0.00,125735,팬옵티콘
20143051,125728.jpg,0.00,125728,눈송이가 되어
20143050,132621.jpg,8.26,132621,세렌디피티
20143049,125754.jpg,0.00,125754,마지막 의례
20143048,129724.jpg,0.00,129724,모노토니
20143046,129725.jpg,0.00,129725,진드기
20143045,123298.jpg,8.56,123298,내일을 위한 시간
20143044,136943.jpg,0.00,136943,천사와 악마
20143043,126192.jpg,0.00,126192,녹슨시대
20143002,125473.jpg,8.17,125473,원더
20143001,146311.jpg,8.15,146311,산티아고
20143000,132883.jpg,0.00,132883,인스턴트 T
20142999,155977.jpg,0.00,155977,타요
20142998,155827.jpg,0.00,155827,뽀로로
20142997,131896.jpg,0.00,131896,우당탕 마을-크리스마스 로그
20142996,131881.jpg,0.00,131881,쾌락의 절정
20142995,131880.jpg,0.00,131880,여인의 초상
20142994,159820.jpg,10.00,159820,노인들의 나라
20142993,138338.jpg,0.00,138338,팔로우미
20142992,126184.jpg,10.00,126184,미오시스
20142991,131878.jpg,0.00,131878,모자 쓴 난장이
20142990,131877.jpg,0.00,131877,다운타운
20142989,130167.jpg,0.00,130167,체킹맨
20142988,150521.jpg,0.00,150521,사이클
20142987,158862.jpg,0.00,158862,히어로
20142986,150162.jpg,4.00,150162,선물
20142985,131874.jpg,0.00,131874,미스터 당근
20142984,131873.jpg,0.00,131873,바닷가에서
20142983,130157.jpg,6.00,130157,죄악의 나날
20142982,131872.jpg,0.00,131872,당신과 나 사이
20142964,109640.jpg,8.18,109640,클라우즈 오브 실스마리아
20142963,118328.jpg,5.61,118328,스타빙 게임
20142962,127328.jpg,8.12,127328,극장판 포켓몬스터 XY : 파괴의 포켓몬과 디안시
20142943,155761.jpg,10.00,155761,MOM
20142942,129732.jpg,0.00,129732,지나친 음주는 당신의 가정을 파괴합니다
20142941,120420.jpg,0.00,120420,왕성한 호기심
20142940,124860.jpg,0.00,124860,Missing U
20142939,131869.jpg,0.00,131869,죽음의 키스
20142938,131868.jpg,0.00,131868,무관심
20142937,125629.jpg,0.00,125629,낮도 아닌 밤도 아닌
20142936,144943.jpg,8.05,144943,언더워터
20142935,131866.jpg,0.00,131866,영혼소녀
20142934,131865.jpg,0.00,131865,번아웃증후군
20142933,135580.jpg,0.00,135580,커넥티드
20142932,131863.jpg,0.00,131863,홉킨스 앤 딜래니
20142931,131862.jpg,0.00,131862,블랙베어 문
20142930,126170.jpg,0.00,126170,마성의 기사
20142927,159775.jpg,0.00,159775,체스
20142926,131859.jpg,0.00,131859,즐거운 인생
20142925,144740.jpg,0.00,144740,디바이드
20142924,131858.jpg,0.00,131858,펭귄에게 먹이를 주지 마시오
20142923,128409.jpg,0.00,128409,몽키 심포니
20142922,131857.jpg,0.00,131857,추억의 기차
20142921,127582.jpg,0.00,127582,데코레이션
20142911,131856.jpg,0.00,131856,러브 인 러시아
20142910,131855.jpg,10.00,131855,사랑이 급행!
20142909,131854.jpg,0.00,131854,당황하지말고
20142908,131853.jpg,0.00,131853,그녀와 고양이의 사정
20142907,131852.jpg,0.00,131852,그러나 그녀는 멋있었다…
20142906,131851.jpg,10.00,131851,자살펭귄
20142905,139401.jpg,9.00,139401,티타임
20142904,131849.jpg,0.00,131849,애니에게 무슨 일이 생겼을까
20142895,160486.jpg,0.00,160486,파트너
20142894,131844.jpg,0.00,131844,꿈 길을 거닐다
20142893,131843.jpg,0.00,131843,인공지능 더스틴
20142892,119706.jpg,0.00,119706,패서 패서
20142891,131842.jpg,0.00,131842,연애에서 호구되는 법
20142890,131841.jpg,0.00,131841,투우
20142889,131840.jpg,10.00,131840,구름 오케스트라
20142888,149625.jpg,6.00,149625,불륜섹스
20142887,125710.jpg,4.96,125710,엔드오브왓치: NYPD
20142886,122919.jpg,3.78,122919,어웨이큰: 원혼의 부활
20142885,98911.jpg,7.78,98911,어덜트 월드
20142884,124290.jpg,7.61,124290,엘리노어 릭비: 그 남자 그 여자
20142883,151314.jpg,0.00,151314,크레이브
20142882,129172.jpg,5.08,129172,더스크: 죽음을 부르는 소녀
20141763,126791.jpg,0.00,126791,"셰에라자드, 감옥 안의 여자들"
20141762,136274.jpg,0.00,136274,마이 차일드
20141761,130178.jpg,0.00,130178,한 밤의 외출
20141750,130177.jpg,0.00,130177,파도 위의 여성들
20141749,126009.jpg,8.38,126009,A Rose Reborn
20141748,130292.jpg,0.00,130292,쿠디라트와 하프사트
20141747,103644.jpg,4.41,103644,맥카닉: 마지막 추격
20141746,119427.jpg,9.01,119427,민우씨 오는 날
20141745,161325.jpg,7.00,161325,여배우
20141744,130391.jpg,8.38,130391,자전거 도둑
20141743,130409.jpg,10.00,130409,허들
20141742,152184.jpg,7.50,152184,소녀들
20141741,155853.jpg,0.00,155853,뿔
20141739,137969.jpg,7.00,137969,이발
20141738,130128.jpg,10.00,130128,노인을 위한 나라는 있다
20141737,130127.jpg,0.00,130127,노인을 위한 나라는 없다
20141736,130126.jpg,0.00,130126,낙원동
20141735,125764.jpg,0.00,125764,자식자랑
20141734,156114.jpg,9.82,156114,하루
20141733,130125.jpg,0.00,130125,고려인 이야기 150년간의 디아스포라
20141732,158848.jpg,0.00,158848,가든파티
20141731,130394.jpg,8.33,130394,19:19
20141727,133272.jpg,7.00,133272,걱정했어
20141726,162902.jpg,0.00,162902,speed
20141723,130392.jpg,9.90,130392,옆 구르기
20141721,131732.jpg,0.00,131732,정전기
20141720,130390.jpg,9.00,130390,살고 싶소!
20141719,128205.jpg,6.96,128205,출근
20141714,130387.jpg,7.63,130387,좁은 길
20141713,130386.jpg,9.40,130386,그날 밤
20141712,129303.jpg,8.00,129303,주(酒)는 마음
20141711,130385.jpg,10.00,130385,님의 침묵
20141710,137281.jpg,8.70,137281,이사
20141709,114620.jpg,6.97,114620,흉악-어느 사형수의 고발
20141708,119555.jpg,10.00,119555,우리는 썰매를 탄다
20141707,130374.jpg,0.00,130374,거리 속 작은 연못
20141706,130373.jpg,6.41,130373,다이빙벨
20141705,130366.jpg,5.09,130366,마이 페어 웨딩
20141704,142263.jpg,4.46,142263,목숨
20141703,130377.jpg,6.00,130377,불안한 외출
20141702,130376.jpg,8.84,130376,위로공단
20141701,121063.jpg,7.00,121063,붕괴
20141681,126378.jpg,7.95,126378,엘리아스: 바다의 보물을 찾아라!
20141663,130429.jpg,6.91,130429,라이브 TV
20141662,135492.jpg,0.00,135492,파라노이아
20141661,123921.jpg,5.00,123921,리들
20141641,100148.jpg,3.88,100148,툴파
20141621,151033.jpg,0.00,151033,마미
20141614,93793.jpg,8.18,93793,더 테너 리리코 스핀토
20141613,130346.jpg,7.06,130346,살인재능
20141612,119563.jpg,7.34,119563,꿈보다 해몽
20141611,130345.jpg,7.67,130345,들꽃
20141591,122160.jpg,6.62,122160,한강블루스
20141589,129710.jpg,8.04,129710,철원기행
20141583,151884.jpg,0.00,151884,그들이 죽었다
20141561,159550.jpg,6.50,159550,먹이사슬
20141530,130064.jpg,8.20,130064,먹방
20141529,130072.jpg,0.00,130072,집에 오는 길
20141528,143724.jpg,0.00,143724,11월
20141527,130063.jpg,0.00,130063,나긋나긋한 허리
20141526,130426.jpg,7.00,130426,방아쇠
20141525,158233.jpg,10.00,158233,마스터
20141524,130071.jpg,9.36,130071,"열아홉, 연주"
20141523,126008.jpg,9.00,126008,아카이브의 유령들
20141521,121371.jpg,7.73,121371,거룩한 소녀 마리아
20141505,98381.jpg,4.50,98381,전장의 묵시록
20141504,139677.jpg,8.20,139677,토네이도
20141501,108906.jpg,0.00,108906,잃어버린 사진
20141494,129721.jpg,0.00,129721,"이지 라이더, 더 탄보"
20141493,105690.jpg,0.00,105690,달려요 할머니
20141492,129720.jpg,0.00,129720,"북부 카우보이, 더 탄보"
20141491,130222.jpg,0.00,130222,엘사와 그녀의 댄서들
20141441,108798.jpg,8.52,108798,앵그리스트 맨
20141435,127653.jpg,0.00,127653,"옛날 이야기 : 니콜라스, 치유자의 아들"
20141434,146565.jpg,7.33,146565,세상에
20141433,156826.jpg,0.00,156826,루시아
20141431,141675.jpg,9.02,141675,탄생
20141430,127657.jpg,0.00,127657,삼바타운
20141429,118888.jpg,0.00,118888,서부: 진짜 웨스턴
20141428,127659.jpg,0.00,127659,건초염
20141427,127660.jpg,0.00,127660,춤추는 그래피티
20141426,127661.jpg,0.00,127661,지리귀둠
20141425,127662.jpg,0.00,127662,빨간 불
20141424,127663.jpg,0.00,127663,푸리코와 피오포
20141422,111057.jpg,4.50,111057,위험한 유혹 - 추억이 떠나면 외로움만 남는다
20141421,123448.jpg,3.88,123448,포세이돈
20141408,121022.jpg,7.70,121022,황금시대
20141406,127664.jpg,0.00,127664,"조심, 문 열림"
20141405,126298.jpg,0.00,126298,회색 수염의 사자
20141404,127665.jpg,0.00,127665,알렉산더 타타르스키 - 거대함을 껴안는 법
20141403,127666.jpg,0.00,127666,붉은 문 라쇼몽
20141401,122802.jpg,5.83,122802,쎄븐 플로어
20141384,69956.jpg,7.72,69956,터미네이터 제니시스
20141383,104330.jpg,6.06,104330,메가 스파이더
20141382,123095.jpg,8.79,123095,봄봄
20141370,123097.jpg,5.50,123097,큐브: 예스 오어 노
20141369,110481.jpg,0.00,110481,마릴린 밀러
20141368,127625.jpg,0.00,127625,결국
20141367,127626.jpg,0.00,127626,엄마 미안해요
20141366,120432.jpg,0.00,120432,산사나무 사이로
20141365,124163.jpg,0.00,124163,나의 분신
20141364,152954.jpg,0.00,152954,구멍
20141363,127628.jpg,0.00,127628,아빠의 연약한 인형
20141348,125853.jpg,6.84,125853,수박
20141347,141699.jpg,0.00,141699,봄날의 라이브
20141346,132357.jpg,8.00,132357,어떤 오후
20141345,140288.jpg,9.67,140288,Days
20141341,122504.jpg,8.75,122504,누구없소
20141323,118942.jpg,5.77,118942,너스 3D
20141322,73358.jpg,5.56,73358,포비아 2
20141321,92536.jpg,8.02,92536,히든 페이스
20141317,153728.jpg,0.00,153728,원 모어 타임
20141316,121064.jpg,0.00,121064,상록
20141315,67698.jpg,8.00,67698,할란 카운티 USA
20141314,99958.jpg,0.00,99958,아이슬란드의 성기 박물관
20141313,130058.jpg,0.00,130058,서베를린의 드라간 벤데
20141312,85039.jpg,0.00,85039,체스황제 바비 피셔
20141311,130057.jpg,0.00,130057,마란의 노래
20141310,130056.jpg,0.00,130056,미지의 도시
20141309,130055.jpg,0.00,130055,신비로운 루카니아
20141308,66532.jpg,0.00,66532,아프리카의 오레스테스를 위한 노트
20141306,66534.jpg,0.00,66534,사랑의 집회
20141305,103880.jpg,0.00,103880,암흑 물질
20141304,124576.jpg,0.00,124576,압산의 긴 하루
20141303,130059.jpg,0.00,130059,화이트 엔젤
20141302,121876.jpg,0.00,121876,"랑킨 거리, 1953"
20141301,115834.jpg,0.00,115834,대홍수
20141300,123759.jpg,0.00,123759,"사랑해, 중국"
20141299,113035.jpg,0.00,113035,야만의 땅
20141298,155923.jpg,0.00,155923,안나
20141297,130050.jpg,10.00,130050,로널드 랭의 분열된 자아
20141296,152264.jpg,0.00,152264,유토피아
20141295,130042.jpg,0.00,130042,야간청소부들
20141294,130047.jpg,0.00,130047,니카라과 시리즈 4: 변화들
20141293,130046.jpg,0.00,130046,니카라과 시리즈 3: 그들만의 시절
20141292,130045.jpg,0.00,130045,니카라과 시리즈 2:국가의 탄생
20141291,130044.jpg,0.00,130044,니카라과 시리즈 1: 여정
20141290,160399.jpg,9.29,160399,기억
20141289,123731.jpg,0.00,123731,다르덴 형제에게 보낸 편지
20141288,135960.jpg,0.00,135960,소녀들의 다락방
20141287,126439.jpg,8.50,126439,문화의 전당 3D
20141286,102870.jpg,4.00,102870,더 퀸
20141285,109600.jpg,0.00,109600,"잊혀진 이름, 앨리스 가이"
20141284,124450.jpg,0.00,124450,내 이름은 리디아
20141283,130039.jpg,0.00,130039,우리 팀의 코치가 되어주세요!
20141282,123795.jpg,0.00,123795,8월을 기다리며
20141281,121047.jpg,8.48,121047,"극장판 파워레인저 다이노포스VS고버스터즈 공룡 대결전! ~안녕, 영원한 친구여!~"
20141261,118377.jpg,7.97,118377,드라큘라: 전설의 시작
20141224,112039.jpg,6.12,112039,경성학교: 사라진 소녀들
20141206,118337.jpg,8.28,118337,지미스 홀
20141205,161168.jpg,0.00,161168,식스틴
20141204,129307.jpg,0.00,129307,가시심장
20141203,129308.jpg,0.00,129308,이와 같을 때에
20141187,130038.jpg,0.00,130038,알렉시스를 위한 노래
20141186,130037.jpg,0.00,130037,꿈꾸는 발레리나
20141157,116478.jpg,0.00,116478,달콤한 전쟁
20141156,130029.jpg,0.00,130029,"폭풍의 아이들, 1권"
20143162,153083.jpg,0.00,153083,카니발
20143161,120936.jpg,0.00,120936,셀러리
20143160,130402.jpg,0.00,130402,자보
20143159,159855.jpg,10.00,159855,영웅
20143158,125725.jpg,0.00,125725,아빠는 엄마 품안에
20143156,129748.jpg,0.00,129748,진공의 방
20142806,151650.jpg,8.50,151650,우리 집
20142805,143026.jpg,0.00,143026,괜찮아 엄마
20142804,130433.jpg,10.00,130433,그 가족
20142800,131004.jpg,3.56,131004,아메리칸머슬
20142799,129765.jpg,6.23,129765,1000 : 최후의 전사들
20142675,77981.jpg,8.75,77981,특권
20142674,54745.jpg,0.00,54745,젊음
20142673,152663.jpg,9.75,152663,스틸
20142670,155493.jpg,0.00,155493,반짝 반짝
20142261,100097.jpg,7.38,100097,지옥이 뭐가 나빠
20142241,160400.jpg,0.00,160400,트라이브
20142221,162156.jpg,0.00,162156,경계
20142201,91064.jpg,7.52,91064,레일웨이 맨
20142182,125724.jpg,9.36,125724,빌리 엘리어트 뮤지컬 라이브
20142104,33384.jpg,9.75,33384,소태극
20142102,91666.jpg,4.67,91666,스워드 2
20142084,137083.jpg,0.00,137083,해커스
20142083,129717.jpg,4.58,129717,태극권 2014 : 어전시위
20142082,95202.jpg,10.00,95202,위대한 출발
20141982,149248.jpg,9.44,149248,더 큐어
20141981,105371.jpg,0.00,105371,더 픽사 스토리
20141963,129706.jpg,3.70,129706,나는 야한 여자가 좋다 2
20141962,113348.jpg,8.77,113348,이미테이션 게임
20141961,103683.jpg,7.22,103683,내가 잠들기 전에
20141953,130190.jpg,0.00,130190,아빠 어렸을 적에 딱지왕
20141756,119646.jpg,0.00,119646,누구나 알지만 누구도 모르는
20141755,130294.jpg,10.00,130294,BACK[baeg]
20141754,158646.jpg,10.00,158646,내 나이가 어때서
20141753,130293.jpg,0.00,130293,페미니스트에게 듣다
20141752,118683.jpg,0.00,118683,"가볍게, 더 높이"
20141751,130291.jpg,0.00,130291,춤추는 별자리
20141610,119440.jpg,7.75,119440,영도
20141609,113303.jpg,8.23,113303,현기증
20141608,159068.jpg,10.00,159068,거짓말
20141607,108008.jpg,6.87,108008,아틀란틱 머신
20141602,122457.jpg,7.84,122457,소셜포비아
20141598,130341.jpg,6.77,130341,타이밍
20141362,127629.jpg,0.00,127629,만리장성 옆 작은 연못
20141361,119701.jpg,0.00,119701,미튜브: 오거스트 하바네라를 부르다.
20141353,132846.jpg,0.00,132846,투히엔
20141351,132367.jpg,0.00,132367,겹: 시간의 결
20141349,132375.jpg,0.00,132375,기우
20141185,126116.jpg,10.00,126116,펄프: 자비스 코커의 음악인생
20141184,130036.jpg,0.00,130036,20세기의 사랑
20141183,130035.jpg,0.00,130035,반장선거
20141182,123985.jpg,0.00,123985,"안녕, 헐리우드"
20141181,128111.jpg,10.00,128111,50년간의 논쟁
20141161,130034.jpg,9.61,130034,나는 중식이다
20141160,130032.jpg,0.00,130032,어느 사진가의 기억
20141159,130031.jpg,10.00,130031,유예기간
20141158,143635.jpg,0.00,143635,순종자들
20141155,130028.jpg,0.00,130028,분노의 대지
20141153,130027.jpg,0.00,130027,유년의 끝
20141152,116066.jpg,0.00,116066,태양의 아들
20141151,130026.jpg,0.00,130026,깜빡했어!
20141150,123728.jpg,0.00,123728,호송
20141149,130025.jpg,0.00,130025,논란들
20141148,162844.jpg,0.00,162844,아틀란티스
20141147,123793.jpg,0.00,123793,스트립라이프
20141146,115840.jpg,0.00,115840,시간은 으르렁대는 사자처럼
20141145,123775.jpg,0.00,123775,스쿠너 크레올라호 항해일지
20141144,129801.jpg,0.00,129801,밤이 걷히면
20141143,129703.jpg,0.00,129703,이지메-여고생의 혼잣말
20141142,153404.jpg,0.00,153404,일 트로바토레
20141141,129705.jpg,0.00,129705,걸 아바타
20141133,129704.jpg,0.00,129704,이케부쿠로 양키전쟁 2 - 사키
20141132,126370.jpg,2.71,126370,샤크어택
20141131,88246.jpg,5.50,88246,불량경찰 3
20141130,123786.jpg,0.00,123786,신비로운 군중
20141129,113081.jpg,0.00,113081,마나카마나
20141128,122676.jpg,0.00,122676,마다가스카르의 삶
20141127,130024.jpg,0.00,130024,"흐루시초프, 미국을 정복하다"
20141126,123986.jpg,0.00,123986,속임수
20141125,123758.jpg,0.00,123758,브라지몬 호수
20141124,130023.jpg,0.00,130023,아나의 여정
20141123,161325.jpg,7.00,161325,여배우
20141122,122626.jpg,0.00,122626,1971
20141121,130021.jpg,10.00,130021,19금 사회
20141120,130020.jpg,9.25,130020,나의 햇님
20141119,130019.jpg,9.25,130019,레몬에이드 판매기
20141118,130018.jpg,10.00,130018,굿바이 10대
20141117,130017.jpg,10.00,130017,4월 16일 그리고...
20141116,130016.jpg,0.00,130016,세손가락 페스티발
20141115,130015.jpg,0.00,130015,Masarap Na Kanta
20141114,128212.jpg,8.93,128212,쿼바디스
20141113,152341.jpg,8.34,152341,애나벨
20141112,130014.jpg,0.00,130014,뜻밖의 수업
20141111,130013.jpg,9.23,130013,"님아, 그 강을 건너지 마오"
20141110,130012.jpg,8.56,130012,밀양 아리랑
20141109,130000.jpg,9.80,130000,의자가 되는 법
20141108,129999.jpg,8.00,129999,물속의 도시
20141107,124736.jpg,7.67,124736,"소년, 소녀 그리고 바다"
20141106,136797.jpg,10.00,136797,도시들의 속삭임
20141105,125444.jpg,5.64,125444,물결
20141104,123753.jpg,0.00,123753,수감자들
20141103,129997.jpg,0.00,129997,아들의 시간
20141102,129996.jpg,0.00,129996,아웃 오브 포커스
20141101,12136.jpg,4.67,12136,어메이징 뮤턴트
20141090,129995.jpg,0.00,129995,모차르트비크
20141089,120968.jpg,0.00,120968,카포의 여정
20141088,115534.jpg,8.93,115534,5일의 마중
20141087,123780.jpg,0.00,123780,"인간적인, 너무나 인간적인"
20141085,144690.jpg,8.50,144690,한 번 더 해피엔딩
20141084,129994.jpg,0.00,129994,9월의 새들
20141083,123765.jpg,0.00,123765,어렴풋이 섬광이
20141082,121550.jpg,0.00,121550,그리고 우리에겐 오늘이 없다
20141081,130060.jpg,8.61,130060,울보 권투부
20141060,129016.jpg,6.76,129016,쓰리 썸머 나잇
20141031,106743.jpg,7.04,106743,친구와 애인사이
20141030,123517.jpg,8.07,123517,비히클19: 폴워커 마지막 질주
20141028,128202.jpg,7.71,128202,정글히어로
20141027,126384.jpg,8.16,126384,피노키오의 모험
20141026,126315.jpg,0.00,126315,유혹의 노출클럽
20141025,126374.jpg,0.00,126374,모모키야여관 포르노 촬영기
20141024,126316.jpg,0.00,126316,음란한 비밀고백
20141023,120089.jpg,0.00,120089,재팬 와이프의 침대
20141022,126373.jpg,0.00,126373,루이의 성감 클리닉
20141021,126339.jpg,0.00,126339,캠퍼스 베이글녀
20141002,100808.jpg,7.46,100808,앨리스: 원더랜드에서 온 소년
20141001,137340.jpg,7.84,137340,거인
20140984,131172.jpg,0.00,131172,벙어리
20143232,129938.jpg,0.00,129938,델시에고 사막
20143231,126175.jpg,0.00,126175,이오아
20143230,124758.jpg,0.00,124758,인물사진
20143229,130243.jpg,0.00,130243,토킹 인 어 박스
20143228,130242.jpg,0.00,130242,마이 머니
20143227,125753.jpg,0.00,125753,그레이트 다에나: 운명적인 만남
20143225,155148.jpg,0.00,155148,음식들의 수다
20143224,147368.jpg,7.20,147368,등산
20143223,130239.jpg,0.00,130239,업앤다운
20143221,154968.jpg,0.00,154968,이방인
20143220,154973.jpg,0.00,154973,한마디
20143219,130236.jpg,0.00,130236,에스텔의 스토리
20143218,130235.jpg,10.00,130235,에스프레소 더블샷
20143217,130234.jpg,0.00,130234,빵이랑 버터랑
20143216,130233.jpg,0.00,130233,깨어나라
20143213,130230.jpg,0.00,130230,짧은 정글 순환
20143211,130351.jpg,0.00,130351,비명을 질러 개를 죽여
20143210,99715.jpg,9.39,99715,파라다이스
20143209,130352.jpg,0.00,130352,말레키아
20143208,130229.jpg,0.00,130229,단편인생
20143206,125749.jpg,0.00,125749,어지러운 서로의 근심
20143205,158810.jpg,0.00,158810,오버타임
20143204,125731.jpg,0.00,125731,(위드아웃) 섹스 (위드) 센스
20143203,125748.jpg,0.00,125748,나이제한 없음
20143202,130226.jpg,0.00,130226,탈영
20143201,125758.jpg,0.00,125758,아로마탈출
20143155,125757.jpg,10.00,125757,연쇄반응
20143154,129749.jpg,0.00,129749,"소녀, 보다"
20143153,129750.jpg,0.00,129750,면도
20143152,125740.jpg,0.00,125740,발란스
20143151,149149.jpg,10.00,149149,사랑의 끝
20143150,120438.jpg,7.25,120438,구더기
20143148,125736.jpg,0.00,125736,물고기가 죽던날
20143147,139052.jpg,0.00,139052,초상화
20143146,129741.jpg,0.00,129741,남자와 여덟개의 카메라
20143144,129742.jpg,0.00,129742,무제
20143141,125746.jpg,0.00,125746,퀸 리버
20143139,162401.jpg,0.00,162401,룸
20143138,125726.jpg,0.00,125726,루시의 트러블
20143137,129745.jpg,0.00,129745,아스퍼거인생
20143135,129747.jpg,0.00,129747,일본 소녀
20143041,78449.jpg,7.86,78449,시베리아 횡단열차: 대탈주
20143021,131215.jpg,7.69,131215,원피스 : 에피소드 오브 나미 ~항해사의 눈물과 동료의 인연~
20143007,132903.jpg,0.00,132903,"티슈 애니멀, 네피아"
20143006,124160.jpg,0.00,124160,버스 이야기
20143005,124835.jpg,0.00,124835,더 비거 픽쳐
20143004,143432.jpg,0.00,143432,패치
20142903,154611.jpg,9.25,154611,별
20142902,126353.jpg,9.00,126353,수지 프로젝트
20142901,131847.jpg,0.00,131847,큐피드의 장난
20142900,131846.jpg,0.00,131846,다 낚았다
20142899,143409.jpg,8.16,143409,야행
20142898,131845.jpg,0.00,131845,브룬두키 스토리
20140983,124733.jpg,0.00,124733,비유클리드 기하학
20140982,162205.jpg,7.00,162205,샌디
20140981,110106.jpg,0.00,110106,항문의 고통
20140965,125992.jpg,6.00,125992,코바늘 누와르
20140964,51374.jpg,3.20,51374,사기꾼
20140963,124167.jpg,0.00,124167,텅빈 마음
20140962,121392.jpg,0.00,121392,당신의 마음에
20140961,102278.jpg,7.22,102278,엑스
20140941,118953.jpg,8.34,118953,거울
20140930,87680.jpg,6.83,87680,바이올렛 앤 데이지
20140928,129222.jpg,9.33,129222,아! 개운해
20140925,149494.jpg,9.06,149494,여름밤
20140924,152056.jpg,0.00,152056,GREEN LIGHT
20140923,129217.jpg,0.00,129217,터키하늘
20140922,78608.jpg,8.26,78608,프렌즈 : 하얀 거짓말
20140902,15906.jpg,8.43,15906,소림사-인자무적
20140901,123536.jpg,7.73,123536,비포 : 불가사의한 피라미드
20140881,128218.jpg,2.45,128218,자이언트 몽키
20140876,127632.jpg,0.00,127632,검은 섬
20140875,162086.jpg,0.00,162086,랜드
20140874,123357.jpg,9.21,123357,댐 키퍼
20140873,150254.jpg,0.00,150254,벌레
20140872,142615.jpg,0.00,142615,씨름
20140871,127634.jpg,0.00,127634,내 마음 둥둥
20140870,127636.jpg,0.00,127636,"나나, 니니, 나오"
20140869,130404.jpg,0.00,130404,에밀
20140868,126382.jpg,0.00,126382,호스트걸의 비밀섹스
20140865,109031.jpg,6.66,109031,마이애미 대침몰
20140864,120108.jpg,3.47,120108,아포칼립스 2014
20140863,125815.jpg,8.56,125815,퀴어영화 캔디: 우리가 사랑한 소년의 이름
20140862,150067.jpg,7.40,150067,미씽
20140861,126398.jpg,7.10,126398,맨 온 더 트레인
20140842,113377.jpg,7.08,113377,엑소더스: 신들과 왕들
20140841,65004.jpg,8.41,65004,더 챔프: 분노의 주먹
20140823,106361.jpg,2.47,106361,소림사 2014
20140812,128784.jpg,6.00,128784,CERN: 세상을 바꾼 60년
20140811,124547.jpg,8.00,124547,자연의 건축가 유진 추이
20140810,121531.jpg,7.00,121531,비엔나 미술사 박물관
20140809,125942.jpg,6.00,125942,마이크로토피아
20140807,96775.jpg,0.00,96775,루디의 마지막 유산
20140806,128777.jpg,0.00,128777,슈퍼마켓의 여인들
20140805,113149.jpg,8.00,113149,언노운 노운
20140804,119641.jpg,9.00,119641,누가 애런 슈워츠를 죽였는가?
20140803,122637.jpg,9.60,122637,마지막 인형극
20140802,118678.jpg,9.00,118678,아리엘
20140801,122638.jpg,10.00,122638,비룽가
20140778,128785.jpg,8.25,128785,"칼 라거펠트, 인생을 그리다."
20140777,128112.jpg,8.67,128112,은발의 패셔니스타
20140776,88639.jpg,9.00,88639,"패션 여제, 다이애나 브릴랜드"
20140775,128783.jpg,6.00,128783,스발바르 제도의 우주 과학자들
20140774,128782.jpg,9.25,128782,왜 나는 수학이 싫어졌을까?
20140773,91103.jpg,8.88,91103,인디 게임
20140772,162091.jpg,0.00,162091,아들
20140771,115831.jpg,9.33,115831,채식주의자의 고기 굽는 법
20140770,128781.jpg,9.94,128781,미아와 알렉산드라
20140769,103945.jpg,9.50,103945,돈 맥컬린
20140768,125187.jpg,8.00,125187,키스메트 : 아랍을 뒤흔든 드라마
20140767,120915.jpg,9.71,120915,"치타, 칸지, 너클스"
20140766,118684.jpg,8.00,118684,ID: 시카고걸
20140765,104109.jpg,9.33,104109,전기도둑 로하
20140764,122649.jpg,7.50,122649,공대생의 연애공식
20140763,119667.jpg,6.00,119667,인터넷 중독자 수용소
20140762,102055.jpg,7.66,102055,지골로 인 뉴욕
20140761,56343.jpg,5.00,56343,슈팅 갤러리
20140741,69921.jpg,7.92,69921,딜-투페어
20140734,161426.jpg,0.00,161426,포인트 앤 슛
20140733,142463.jpg,0.00,142463,아무도 모른다
20140732,152550.jpg,0.00,152550,초원
20140731,128778.jpg,10.00,128778,어메이징 데이
20140730,130011.jpg,10.00,130011,김 알렉스의 식당: 안산-타슈켄트
20140729,128776.jpg,0.00,128776,벨로프씨 가족들
20140728,128775.jpg,7.00,128775,스비야토
20140727,114883.jpg,0.00,114883,조용히 해!
20140726,121292.jpg,6.00,121292,사랑을 믿나요?
20138952,87685.jpg,8.35,87685,브룩클린 브라더스
20138951,100017.jpg,9.28,100017,검지손가락
20138949,150254.jpg,0.00,150254,벌레
20138948,89859.jpg,5.74,89859,2차 노출
20138941,101249.jpg,5.17,101249,해밀턴2: 살인면허
20138936,110220.jpg,10.00,110220,어쩌면 우리는
20138935,110222.jpg,0.00,110222,늦여름
20138934,110219.jpg,10.00,110219,갑과 을 그리고 병
20138933,110221.jpg,0.00,110221,내가 같이 있어 줄게
20138931,90971.jpg,8.50,90971,로빈슨 주교의 두 가지 사랑
20138930,108522.jpg,0.00,108522,베어 시티 2 : 청혼
20138929,160919.jpg,0.00,160919,비토
20138928,108521.jpg,0.00,108521,사랑의 여행
20138927,108520.jpg,0.00,108520,사랑이든 뭐든간
20138926,98762.jpg,9.00,98762,아웃 인 더 다크
20138925,107462.jpg,5.00,107462,겟코가면
20138924,99331.jpg,10.00,99331,여자의 호수
20138923,91962.jpg,0.00,91962,나는 쿠추다
20138922,108866.jpg,10.00,108866,너를 위해
20138921,81466.jpg,8.53,81466,리틀 빗 오브 헤븐
20138901,88228.jpg,6.10,88228,행오버3
20138884,87306.jpg,6.46,87306,빅 웨딩
20138882,85703.jpg,6.06,85703,코스모폴리스
20138881,113344.jpg,8.34,113344,나우 유 씨 미 : 마술사기단
20138862,127362.jpg,8.24,127362,파괴된 낙원
20138861,81314.jpg,5.60,81314,파라다이스 키스
20138838,44913.jpg,6.26,44913,아수라
20138837,107484.jpg,10.00,107484,토와노쿠온 II : 혼돈의 난무
20138836,107465.jpg,2.96,107465,자극의 세기
20138835,90964.jpg,7.65,90964,스매쉬드
20138833,117893.jpg,0.00,117893,스페니쉬 할렘
20138832,103638.jpg,5.00,103638,승리로 가는 길
20138831,87270.jpg,6.17,87270,써클 오브 페인
20138830,143564.jpg,8.60,143564,히치콕
20138829,104900.jpg,6.59,104900,씨 오브 데스
20138827,161963.jpg,10.00,161963,엠
20138823,39329.jpg,3.94,39329,와일드 씽 2
20138822,151790.jpg,10.00,151790,우리가 사랑했을까?
20138819,102057.jpg,5.50,102057,위기의 베를린
20138818,52531.jpg,3.25,52531,위커 맨
20138814,134980.jpg,8.58,134980,이중 생활
20138813,91052.jpg,7.80,91052,로봇G
20138809,88272.jpg,4.31,88272,지구 대참사
20138807,45916.jpg,7.44,45916,천국에서의 5분간
20138806,104474.jpg,0.00,104474,철 좀 들어
20138804,155244.jpg,0.00,155244,캣츠
20138798,101284.jpg,5.25,101284,컬러 프롬 더 다크
20138797,158333.jpg,0.00,158333,코드 블랙
20138793,161085.jpg,0.00,161085,킬러 킬러
20138791,103691.jpg,5.50,103691,타피오카
20138764,97678.jpg,7.26,97678,세인츠 앤 솔저 : 공수특전대
20138763,102062.jpg,6.00,102062,스웜 2
20138761,151521.jpg,0.00,151521,베네치아
20138753,159030.jpg,0.00,159030,나이트 스토커
20138748,104473.jpg,0.00,104473,마이 트루 셀프
20138747,129873.jpg,0.00,129873,미라지
20138746,158807.jpg,10.00,158807,바람꽃
20138745,158634.jpg,7.34,158634,가족
20138742,159774.jpg,0.00,159774,굿바이
20138741,90000.jpg,8.67,90000,폴링 오버나잇
20138737,114034.jpg,0.00,114034,레프트/라이트
20138736,152954.jpg,0.00,152954,구멍
20138734,105362.jpg,6.51,105362,히든서스펙트
20138733,122358.jpg,0.00,122358,여전히
20138727,136362.jpg,0.00,136362,넉 아웃
20138726,101277.jpg,0.00,101277,네버 세이 맥베스
20138725,104899.jpg,0.00,104899,당신이 말해 줄 수 있다면
20138724,115765.jpg,0.00,115765,더 브리지
20138723,161758.jpg,0.00,161758,더 키
20138722,83864.jpg,6.12,83864,러셀 크로우의 아이언 피스트
20138712,143674.jpg,0.00,143674,꼭두각시
20138711,104817.jpg,5.75,104817,곤져 2
20138708,109341.jpg,0.00,109341,따뜻한 밥
20138707,109309.jpg,0.00,109309,시간의 소멸
20138706,162167.jpg,0.00,162167,콘크리트
20138705,161399.jpg,0.00,161399,가장자리
20138704,109321.jpg,5.50,109321,두현의 입장
20138703,161325.jpg,7.00,161325,동거
20138702,109320.jpg,10.00,109320,침묵의 방
20138701,109314.jpg,0.00,109314,보이는 영화
20138699,130391.jpg,8.38,130391,자전거 도둑
20138698,154809.jpg,0.00,154809,보청기
20138697,109319.jpg,9.67,109319,오래된 사진
20138696,109336.jpg,0.00,109336,따닥
20138695,109311.jpg,8.50,109311,MJ
20138694,159068.jpg,10.00,159068,거짓말
20138693,109322.jpg,10.00,109322,넌더리
20138692,150084.jpg,0.00,150084,껌
20138691,109305.jpg,10.00,109305,소멸불가
20138690,109338.jpg,0.00,109338,영원이 떠나는 날
20138689,109310.jpg,9.67,109310,답
20138688,88322.jpg,5.24,88322,이머고
20138687,154849.jpg,0.00,154849,호구
20138686,109331.jpg,9.78,109331,스끼다시 내 인생
20138685,109325.jpg,8.00,109325,내가 다 알아서 할게
20138637,109318.jpg,10.00,109318,그들 각자의 이별
20138636,109323.jpg,9.20,109323,레몬타임
20138635,109313.jpg,0.00,109313,결혼전.투
20138634,159645.jpg,10.00,159645,Family
20138633,109324.jpg,0.00,109324,합격을 기다리는 사람들
20138632,106271.jpg,7.05,106271,춘정
20138631,109304.jpg,8.60,109304,자기만의 방
20138630,109312.jpg,10.00,109312,두 번 줄넘기
20138629,109333.jpg,0.00,109333,보통 아버지
20138628,160750.jpg,8.50,160750,365
20138627,109315.jpg,0.00,109315,암컷은 157m 위에 있다
20138626,129004.jpg,7.33,129004,지퍼
20138625,109334.jpg,9.00,109334,천 개의 등대
20138624,109330.jpg,0.00,109330,밤그림자
20138623,108988.jpg,10.00,108988,"잔인한 나의, 홈"
20138622,109302.jpg,0.00,109302,달을 쏘다
20138621,109340.jpg,9.33,109340,꾸구리
20138610,156809.jpg,0.00,156809,아이 원트 유
20138608,152162.jpg,9.57,152162,빈센트
20138607,105783.jpg,8.86,105783,나의 라임 오렌지 나무
20138606,79876.jpg,8.00,79876,네온 플래쉬
20138605,99344.jpg,7.13,99344,마리 크뢰이어
20138604,95253.jpg,7.12,95253,사랑에 빠진 것처럼
20138603,109761.jpg,0.00,109761,더블불륜
20138602,110702.jpg,6.00,110702,학대받는 미키의 사생활
20138601,107494.jpg,8.00,107494,엘과엠의 러브스토리 - 엠스토리
20138585,79596.jpg,0.00,79596,히어 컴즈 롤라
20138584,107495.jpg,7.43,107495,엘과엠의 러브스토리-엘스토리
20138583,54291.jpg,9.81,54291,위 캔 두 댓!
20138582,155455.jpg,0.00,155455,버니
20138581,70691.jpg,8.73,70691,바람의 소리
20138564,51788.jpg,5.89,51788,인비저블 사인
20138563,82320.jpg,7.90,82320,데블스 더블
20138562,81360.jpg,9.61,81360,행운의 여신
20138561,107962.jpg,9.85,107962,모범생
20138544,94170.jpg,8.31,94170,헝거게임: 캣칭 파이어
20138543,91996.jpg,5.95,91996,"아이,애나"
20138542,94181.jpg,5.59,94181,온리 갓 포기브스
20138522,102063.jpg,9.73,102063,파이널 레시피
20140426,113027.jpg,8.01,113027,나의 첫번째 장례식
20140425,143132.jpg,0.00,143132,나를 찾아줘
20140424,110638.jpg,6.73,110638,콰이어트 원
20140261,120635.jpg,7.00,120635,페록스
20140256,138595.jpg,8.25,138595,딜쿠샤
20140172,105180.jpg,10.00,105180,미안해요. 함께 할게요
20140168,156424.jpg,7.80,156424,대결
20140166,97829.jpg,3.29,97829,스파이더 대침공
20140165,126356.jpg,10.00,126356,수호지-귀족영웅 노준의
20140164,97668.jpg,3.39,97668,분신사바-저주의 시작
20140077,125810.jpg,9.00,125810,이카루스의 비밀
20140076,40003.jpg,0.00,40003,세리 누아르
20140075,86000.jpg,7.67,86000,"오슬로, 8월 31일"
20140074,124827.jpg,0.00,124827,집의 인생
20140073,143473.jpg,8.20,143473,아빠
20140072,127511.jpg,0.00,127511,메기는 바다로 돌아간다
20140007,39918.jpg,5.80,39918,42번가의 반야
20140006,78092.jpg,0.00,78092,10가지 이야기
20140005,127509.jpg,0.00,127509,이삭
20140004,132599.jpg,0.00,132599,안데스
20140003,152836.jpg,0.00,152836,아름다움
20139742,162863.jpg,0.00,162863,럭키
20139741,107447.jpg,5.50,107447,죽음의 게임: 네이키드 워리어
20139724,109926.jpg,6.81,109926,테르마이 로마이
20139723,122531.jpg,0.00,122531,사이드 이펙트
20139722,106045.jpg,0.00,106045,파이널 데이즈
20139547,108159.jpg,9.67,108159,24개월 후
20139546,110837.jpg,9.43,110837,정모날
20139545,110836.jpg,8.65,110836,9월이 지나면
20139544,161364.jpg,0.00,161364,남자들
20139543,110835.jpg,7.50,110835,백 번째 오디션
20139542,110833.jpg,7.67,110833,난 널 알아
20139541,110832.jpg,8.44,110832,월동준비
20139221,47370.jpg,8.27,47370,그래비티
20139201,107373.jpg,8.04,107373,신의 한 수
20138947,93677.jpg,6.51,93677,언디스퓨티드: 1대100의 혈투
20138946,154965.jpg,10.00,154965,퍼레이드
20138945,145699.jpg,0.00,145699,키스 미
20138944,108519.jpg,0.00,108519,퍼펙트 엔딩
20138943,87376.jpg,0.00,87376,페이싱 미러즈
20138942,111319.jpg,0.00,111319,더 클로징
20138787,85320.jpg,8.00,85320,파인딩 제누아
20138786,115440.jpg,10.00,115440,포켓몬스터 뮤츠 나는 여기에 있다
20138784,104888.jpg,3.75,104888,플라잉 바이러스
20138783,54304.jpg,9.12,54304,와와의 학교 가는 날
20138782,13622.jpg,8.73,13622,해밀턴 부인
20138684,149485.jpg,10.00,149485,농담
20138683,152016.jpg,0.00,152016,할매
20138682,109339.jpg,0.00,109339,방학숙제
20138681,108652.jpg,9.00,108652,서울집
20138661,88494.jpg,8.38,88494,케이온
20138641,54189.jpg,7.36,54189,더 이클립스
20138502,107448.jpg,7.89,107448,슈퍼피쉬 - 끝없는 여정
20138384,150727.jpg,10.00,150727,여우와 자전거
20138383,107635.jpg,0.00,107635,두 바퀴면 충분해요
20138382,107637.jpg,0.00,107637,오래된 지도
20138381,107636.jpg,0.00,107636,할리마
20138380,108472.jpg,10.00,108472,어서와 우리 집에!
20138316,107694.jpg,0.00,107694,도쿄의 불안한 식탁
20138315,99366.jpg,10.00,99366,온화한 일상
20138314,107697.jpg,7.14,107697,후쿠시마의 미래
20138311,108465.jpg,0.00,108465,무인지경
20138310,108466.jpg,0.00,108466,두 번째 바람
20138187,80864.jpg,5.09,80864,다크월드 3D
20138186,79574.jpg,8.47,79574,폴 다이어리
20138185,97531.jpg,7.53,97531,체인드
20138184,116104.jpg,8.50,116104,멋진 녀석들
20138183,108501.jpg,9.67,108501,안드레아 보첼리: 러브 인 포르토피노
20138182,90945.jpg,6.69,90945,V/H/S:죽음을 부르는 비디오
20137844,73933.jpg,0.00,73933,블랙 스콜피온
20137839,105294.jpg,2.18,105294,새벽이 오기를
20137838,96364.jpg,0.00,96364,블락트
20137835,102454.jpg,10.00,102454,세기의 종말 : 쓰나미
20137834,97873.jpg,8.18,97873,썸씽 이즈 킬링 테이트
20137706,107992.jpg,9.27,107992,패밀리
20137704,144498.jpg,0.00,144498,리플렉션
20137703,65843.jpg,8.90,65843,마리와 강아지 이야기
20137702,106289.jpg,0.00,106289,시시비비
20137692,124323.jpg,0.00,124323,잘 먹고 잘 사는 법
20137526,108402.jpg,8.37,108402,그 강아지 그 고양이
20137525,54867.jpg,4.59,54867,레볼루션 아일랜드
20137524,91505.jpg,5.26,91505,호스텔 3
20137523,157501.jpg,0.00,157501,스파클
20137522,106001.jpg,7.23,106001,미스터 빌리:하일랜드의 수호자
20137521,102453.jpg,7.75,102453,블러드 게임
20137360,83290.jpg,4.00,83290,당신 생애의 최고의 순간
20137359,93083.jpg,7.25,93083,댓츠 마이 보이
20137358,100823.jpg,3.33,100823,데드 캠프5: 블러드 라인스
20137357,95450.jpg,5.50,95450,두 데카 팬타트론
20137356,161419.jpg,0.00,161419,디.오.디
20137355,103765.jpg,7.43,103765,디아더 우먼
20137292,100972.jpg,0.00,100972,산타 포스2 : 산타 펍스
20137291,104897.jpg,10.00,104897,스크라이드 얼터레이션 QUAN
20137289,149543.jpg,3.00,149543,소원을 말해봐
20137287,102693.jpg,8.40,102693,스몰 아파트
20137285,158722.jpg,4.59,158722,스나이퍼
20137284,101208.jpg,2.75,101208,홍등가의 여인
20137282,73402.jpg,7.85,73402,비스트 스토커
20137281,53547.jpg,5.00,53547,빅 샷 콜러
20137263,104815.jpg,6.80,104815,엑시트 스피드
20137261,104817.jpg,5.75,104817,곤져
20137241,105854.jpg,7.62,105854,사랑의 가위바위보
20137222,102070.jpg,0.00,102070,마지막 중독
20137221,106074.jpg,5.50,106074,몽정애2-기막힌 상상
20137201,60068.jpg,0.00,60068,굿바이 미스터 칩스
20137182,161228.jpg,0.00,161228,쉐프
20137181,101618.jpg,6.31,101618,저스트 어 이어
20137166,160534.jpg,0.00,160534,닿을 수 없는
20137165,106295.jpg,10.00,106295,플라멩코 소녀
20137164,109301.jpg,8.88,109301,꿈꿈
20137163,114080.jpg,10.00,114080,형의 휴가
20137162,107962.jpg,9.85,107962,"아름, 다운"
20137161,121103.jpg,9.50,121103,북쪽에서 온 여행자
20137121,72270.jpg,6.15,72270,더 울버린
20137103,97420.jpg,0.00,97420,숭시
20137102,52189.jpg,10.00,52189,유치찬란한 신데렐라
20137101,92004.jpg,8.20,92004,킬 유어 달링
20137081,105002.jpg,8.38,105002,이별계약
20137077,154124.jpg,6.14,154124,맛
20137075,117258.jpg,5.00,117258,정사2013
20137073,71321.jpg,10.00,71321,흩날리는 것들
20137071,118621.jpg,9.78,118621,레드 블라인드
20137069,160272.jpg,0.00,160272,DISTANCE
20137068,155038.jpg,0.00,155038,AMONG
20137067,143437.jpg,7.66,143437,BETWEEN
20137061,100274.jpg,8.42,100274,사랑은 타이핑 중!
20137052,93249.jpg,8.45,93249,스트럭 바이 라이트닝
20137051,117257.jpg,5.47,117257,카반호수의 비밀
20137050,117251.jpg,3.84,117251,엔젤 오브 스카이
20137049,117855.jpg,6.86,117855,사대명포 2
20138501,125822.jpg,7.83,125822,극장판 뛰뛰빵빵 구조대 미션: 둥둥이를 구하라!
20138483,102085.jpg,7.09,102085,디아틀로프
20138482,157879.jpg,0.00,157879,아유레디?
20138481,98504.jpg,7.70,98504,폭스파이어
20138461,117239.jpg,6.56,117239,"소설, 영화와 만나다"
20138441,99566.jpg,8.51,99566,공각기동대 S.A.C - Solid State Society
20138421,80998.jpg,7.65,80998,R.I.P.D. : 알.아이.피.디.
20138405,102083.jpg,0.00,102083,파르지팔
20138404,102459.jpg,4.07,102459,아름다운 이별은 없다
20138403,162032.jpg,0.00,162032,멤피스
20138402,94863.jpg,6.00,94863,섹슈얼 컴펄전
20138401,98942.jpg,10.00,98942,당신이 버린 개에 관한 이야기
20138385,107633.jpg,0.00,107633,유콘의 마지막 어부
20138379,107638.jpg,0.00,107638,크림맨
20138378,141437.jpg,8.00,141437,알렉스!
20138377,94238.jpg,10.00,94238,바다의 꿈
20138376,108476.jpg,5.50,108476,꼬마버스 타요 시즌2 : 선생님이 된 가니
20138375,108477.jpg,7.50,108477,꼬마버스 타요 시즌1 : 내가 더 힘들어
20138374,107640.jpg,0.00,107640,변화의 목소리
20138373,152856.jpg,10.00,152856,구하라!
20138372,108470.jpg,5.50,108470,12:00
20138371,107639.jpg,9.50,107639,로스해: 최후의 바다
20138370,108484.jpg,0.00,108484,실비는 요술쟁이: 워터멜론 매직
20138369,108485.jpg,0.00,108485,깍아버려
20138368,95823.jpg,0.00,95823,자동차의 꿈
20138367,150413.jpg,0.00,150413,네스트
20138366,90977.jpg,10.00,90977,빙하를 따라서
20138365,108478.jpg,10.00,108478,숲의 친구들: 마못은 어디에?
20138364,108479.jpg,0.00,108479,"숲의 친구들: 샤모아, 조심해!"
20138363,108480.jpg,0.00,108480,숲의 친구들: 곰의 점심시간
20138362,99452.jpg,0.00,99452,탄소광 시대
20138361,108474.jpg,0.00,108474,무지개 도시
20138360,108481.jpg,0.00,108481,에콰도르의 정글
20138359,108473.jpg,0.00,108473,지금 여기에
20138358,107614.jpg,0.00,107614,트리 프로젝트
20138357,108482.jpg,1.00,108482,그린 닌자: 낙엽 쓸기
20138356,107615.jpg,0.00,107615,소피아의 도전
20138355,95873.jpg,8.40,95873,토르: 다크 월드
20138354,108845.jpg,0.00,108845,위먼애가
20138353,108471.jpg,0.00,108471,도론코론
20138352,102749.jpg,0.00,102749,아일랜드식 가구 재활용
20138351,104587.jpg,0.00,104587,축복받은 기계 4
20138350,101096.jpg,1.26,101096,쾌걸 조로리의 대대대대모험
20138349,107616.jpg,0.00,107616,홈 터프
20138348,108468.jpg,0.00,108468,내셔널 트레져 285
20138347,158072.jpg,0.00,158072,에브리데이
20138346,108469.jpg,10.00,108469,소중한 나의 친구
20138345,107617.jpg,0.00,107617,헤테로토피아
20138344,95827.jpg,10.00,95827,"사라진 마을, 알로스"
20138343,162687.jpg,0.00,162687,슬립타이트
20138342,107618.jpg,0.00,107618,데드 덕스
20138341,107620.jpg,0.00,107620,동물원에 대한 단상
20138337,108403.jpg,0.00,108403,시르밀리크
20138336,135556.jpg,0.00,135556,멜트다운
20138335,108405.jpg,0.00,108405,숲의 시선: 짐 로렌스의 이미지
20138334,135246.jpg,0.00,135246,배니싱 포인트
20138333,108407.jpg,0.00,108407,극지탐험대
20138332,107608.jpg,0.00,107608,"안녕, 콰가"
20138331,107607.jpg,0.00,107607,투티의 바다
20138330,95786.jpg,0.00,95786,히삽
20138329,96304.jpg,7.69,96304,마사오군이 간다!
20138328,102214.jpg,7.97,102214,히마와리와 나의 7일
20138326,107698.jpg,0.00,107698,Fog and Smoke
20138325,107699.jpg,5.50,107699,누가 만들었을까?
20138324,107641.jpg,0.00,107641,나무의 시간
20138322,107643.jpg,9.50,107643,팔당 사람들
20138321,107700.jpg,10.00,107700,투구꽃 그 마을
20138320,146408.jpg,0.00,146408,아트로피
20138319,107695.jpg,0.00,107695,마라링가 구술사
20138318,95825.jpg,0.00,95825,직원 외 출입금지
20138317,107696.jpg,0.00,107696,태양을 가린 구름
20138309,107619.jpg,0.00,107619,스네이크댄스
20138308,96566.jpg,0.00,96566,지구를 부탁해
20138307,99856.jpg,5.50,99856,우주의 비밀
20138306,108413.jpg,0.00,108413,나일 퍼치
20138305,108462.jpg,0.00,108462,리즈다스
20138304,108414.jpg,1.00,108414,자동포장기계
20138303,108429.jpg,0.00,108429,마지막 출항
20138302,99362.jpg,9.00,99362,"샤말 아저씨, 가로등을 끄다"
20138301,108430.jpg,0.00,108430,헬륨유감
20138300,107613.jpg,0.00,107613,"나무의 작가, 에른스트 갬펄"
20138299,108467.jpg,0.00,108467,봉인된 시간
20138298,107612.jpg,10.00,107612,유기견 입양기
20138296,107610.jpg,9.00,107610,포화상태
20138295,144674.jpg,0.00,144674,블루 블러드
20138294,108428.jpg,0.00,108428,아시누스
20138293,107611.jpg,5.00,107611,거품이 사라지면
20138292,101863.jpg,8.00,101863,톤레삽강은 멈추지 않는다
20138291,101031.jpg,0.00,101031,"포레이저, 버섯과 사랑"
20138290,85680.jpg,0.00,85680,전구 음모이론
20138289,98767.jpg,0.00,98767,과일 원정대
20138288,107609.jpg,9.00,107609,컬러 오브 매스
20138287,150459.jpg,0.00,150459,레드 하우스
20138286,95822.jpg,10.00,95822,물병에 갇힌 지구
20138285,107622.jpg,0.00,107622,"마이 빌리지, 마이 랍스터"
20138284,108415.jpg,0.00,108415,오르토벨로: 잘 먹고 잘 사는 법
20138283,108412.jpg,0.00,108412,블루마블 까페
20138282,156322.jpg,9.33,156322,엄마의 레시피
20138281,102340.jpg,9.57,102340,블랙피쉬
20138280,108409.jpg,0.00,108409,올 마이 러브
20138279,107623.jpg,0.00,107623,우리는 기니피그인가?
20138278,108410.jpg,0.00,108410,톰의 특별한 식탁
20138277,94961.jpg,0.00,94961,유기농 브랜드 마케팅
20138276,108408.jpg,10.00,108408,GMO OMG
20138275,157756.jpg,0.00,157756,쓰레기
20138274,108423.jpg,0.00,108423,모리스의 텃밭
20138273,108424.jpg,0.00,108424,길 위의 사랑
20138272,97802.jpg,7.88,97802,프라미스드 랜드
20138271,108419.jpg,0.00,108419,풍요의 빈곤
20138270,108420.jpg,0.00,108420,메마른 호수
20138268,108427.jpg,0.00,108427,버르한 스토리
20138267,108418.jpg,0.00,108418,루이스의 석유통
20138266,108426.jpg,0.00,108426,"라페아, 솔라 마마"
20138265,108425.jpg,0.00,108425,만화로 보는 빈곤의 역사
20138264,108416.jpg,0.00,108416,랜드 러쉬
20138263,108421.jpg,0.00,108421,기브 어스 더 머니
20138262,102084.jpg,0.00,102084,유부녀의 꽃
20138261,94508.jpg,4.29,94508,드라이브 쓰루
20138241,52827.jpg,10.00,52827,달세계여행
20138226,106522.jpg,8.34,106522,우아한 거짓말
20138224,151662.jpg,0.00,151662,플랜맨
20138223,103762.jpg,7.59,103762,노브레싱
20138222,107917.jpg,8.54,107917,완전 소중한 사랑
20138221,136428.jpg,0.00,136428,산타바바라
20138203,94501.jpg,6.75,94501,마데아 : 증인보호프로그램
20138202,96325.jpg,8.79,96325,에픽 : 숲속의 전설
20138201,101038.jpg,8.43,101038,극장판 썬더일레븐 GO VS 골판지 전사 W
20138181,162310.jpg,0.00,162310,아이 오브 더 스톰
20138162,114139.jpg,8.48,114139,네버다이 버터플라이
20138161,106574.jpg,4.12,106574,야관문: 욕망의 꽃
20138141,141866.jpg,0.00,141866,더 콜
20138126,150910.jpg,0.00,150910,기념일
20138124,107470.jpg,0.00,107470,소피아 드 멜루 브라이너 안드레센
20138122,107481.jpg,0.00,107481,미완성 영화의 단편 : 신성가족
20138121,107480.jpg,0.00,107480,나는 이 검으로 무엇을 하는가?
20138120,134825.jpg,6.98,134825,여정
20138119,107479.jpg,0.00,107479,실베스트르
20138118,139160.jpg,0.00,139160,바다의 꽃
20138117,107477.jpg,0.00,107477,라스트 다이빙
20138116,90018.jpg,8.50,90018,신의 코미디
20138114,90019.jpg,0.00,90019,신의 결혼식
20138113,154133.jpg,7.38,154133,백설공주
20138112,107475.jpg,0.00,107475,진실하고 성실한 관계
20138110,75112.jpg,0.00,75112,용암의 집
20138109,49330.jpg,9.00,49330,행진하는 청춘
20138108,53347.jpg,8.00,53347,남자로 죽다
20138106,152072.jpg,4.00,152072,타부
20138105,159498.jpg,0.00,159498,Sea ⓒ
20138103,108864.jpg,9.83,108864,불편한 동행
20138102,144276.jpg,0.00,144276,호두
20138101,93009.jpg,6.79,93009,"페어웰, 마이 퀸"
20138081,107482.jpg,4.50,107482,오즈의 마법사: 마법 원정대
20138061,126962.jpg,8.93,126962,내 마음의 고향
20138025,76813.jpg,10.00,76813,"괜찮아, 임마"
20138023,109329.jpg,9.17,109329,몽구스피킹
20138004,121050.jpg,8.13,121050,오피스맨
20138003,154544.jpg,0.00,154544,날개
20138002,107489.jpg,1.00,107489,내 남편의 시선
20137981,127333.jpg,7.34,127333,탱고
20137965,113359.jpg,5.00,113359,009 사이보그
20137964,89728.jpg,5.65,89728,매니악 : 슬픈 살인의 기록
20137963,95876.jpg,5.47,95876,백악관 최후의 날
20137962,162318.jpg,0.00,162318,세이프
20137961,109960.jpg,6.88,109960,맨 오브 스틸
20137946,110981.jpg,0.00,110981,블러드 머니
20137945,107488.jpg,10.00,107488,건달 앵커우먼
20137944,162411.jpg,0.00,162411,광대들
20137943,13910.jpg,7.31,13910,아마코드
20137942,76647.jpg,10.00,76647,달의 목소리
20137941,157836.jpg,0.00,157836,로마
20137921,162091.jpg,0.00,162091,선
20137902,160552.jpg,0.00,160552,더 데이
20137901,106014.jpg,0.00,106014,딕테-차학경 오마주
20137866,74449.jpg,6.22,74449,전국: 천하영웅의 시대
20137865,78295.jpg,7.05,78295,천하칠검 양가장
20137864,105282.jpg,7.25,105282,어펜더: 범죄와의 전쟁
20137863,102489.jpg,7.40,102489,남자 대 여자: 섹스가 문제다
20137862,93678.jpg,4.38,93678,스태쉬 하우스
20137861,53988.jpg,9.05,53988,문빔베어: 달을 사랑한 작은 곰
20137846,146358.jpg,0.00,146358,부두의 형제들
20137833,157438.jpg,8.06,157438,아내의 동창회
20137832,155519.jpg,0.00,155519,아내의 애인
20137831,77814.jpg,5.50,77814,더 빅 티츠 드래곤
20137830,155595.jpg,0.00,155595,아찔한 동거
20137829,147575.jpg,0.00,147575,애시드 레인
20137828,101485.jpg,0.00,101485,에로틱 캠프
20137827,88232.jpg,6.19,88232,에브리맨스 워
20137823,81458.jpg,6.42,81458,용봉점
20137821,108611.jpg,0.00,108611,노매드
20137819,77003.jpg,0.00,77003,위치크래프트 13
20137815,95877.jpg,7.41,95877,화이트 하우스 다운
20137813,39691.jpg,8.55,39691,비르와 자라
20137812,155388.jpg,10.00,155388,패션
20137811,56247.jpg,7.20,56247,엘리시움
20137810,159386.jpg,0.00,159386,락스타
20137809,83402.jpg,8.79,83402,한 번 뿐인 내 인생
20137808,18275.jpg,7.40,18275,이 세상에서 가장 행복한 사나이
20137807,145156.jpg,0.00,145156,이웃집 부부의 빗나간 욕정
20137806,144963.jpg,4.95,144963,익스포즈
20137805,105293.jpg,3.35,105293,인펙션
20137804,46864.jpg,9.00,46864,일 포스토
20137803,75209.jpg,8.00,75209,저지먼트 데이 : 지구붕괴
20137802,102100.jpg,0.00,102100,풍류정사
20137801,123041.jpg,10.00,123041,닌자정사
20137788,82926.jpg,5.83,82926,정사 : 두 여자와의 로맨스
20137781,155513.jpg,0.00,155513,와불
20137780,42629.jpg,8.33,42629,조지 수녀의 살해
20137779,102452.jpg,3.96,102452,좀비 아포칼립스 : 리뎀션
20137778,130914.jpg,6.09,130914,죽음의천사
20137777,156620.jpg,0.00,156620,추적자
20137776,103392.jpg,6.67,103392,캐리드 어웨이
20137775,103737.jpg,4.68,103737,컴퍼니 오브 히어로즈
20137774,101205.jpg,5.00,101205,클론헌터
20137773,102449.jpg,6.65,102449,킬 포 미
20137772,47540.jpg,4.75,47540,턴 더 리버
20137771,51766.jpg,7.28,51766,파스샹달
20137768,86394.jpg,3.31,86394,패스파인더스: 인 더 컴퍼니 오브 스트레인저스
20137767,101235.jpg,0.00,101235,팻 시티 뉴 올리언스
20137766,158440.jpg,0.00,158440,프로젝트 X
20137765,102854.jpg,7.00,102854,하얀 손가락
20137764,101206.jpg,7.22,101206,하트 오브 나우
20137763,106065.jpg,7.38,106065,헤라클레스
20137762,73429.jpg,5.00,73429,쥬라기 프레데터
20137761,131571.jpg,8.86,131571,인간의 숲
20137741,79601.jpg,5.67,79601,"글렌, 플라잉 로봇"
20137722,75711.jpg,8.16,75711,킥 애스 2 : 겁없는 녀석들
20137721,85737.jpg,6.46,85737,붓다:싯다르타 왕자의 모험
20137716,69776.jpg,8.00,69776,뱅크 잡
20137714,153204.jpg,7.00,153204,부서진
20137713,106284.jpg,8.67,106284,더도 말고 덜도 말고
20137712,106281.jpg,6.00,106281,그레코로만
20137711,106291.jpg,7.33,106291,울게 하소서
20137691,106290.jpg,9.80,106290,열여덟 반
20137689,106282.jpg,0.00,106282,나는 자랑스런 태극기 앞에
20137688,11238.jpg,8.50,11238,누명 쓴 사나이
20137686,19021.jpg,7.10,19021,스미스 부부
20137685,16557.jpg,7.11,16557,해외 특파원
20137684,34916.jpg,5.14,34916,폭풍 탈출
20137682,106283.jpg,0.00,106283,낫씽 투 루즈
20137681,25777.jpg,9.67,25777,가미가제 택시
20137677,88471.jpg,5.00,88471,글리치 인더 그리드
20137676,106288.jpg,10.00,106288,빗소리
20137675,100508.jpg,0.00,100508,동물적 본능
20137673,104848.jpg,3.17,104848,더 빌리지 : 저주의 시작
20137672,161758.jpg,0.00,161758,더 키
20137669,106293.jpg,9.17,106293,주희
20137668,122709.jpg,0.00,122709,뉴가이
20137667,122492.jpg,6.98,122492,더 트루스
20137663,53928.jpg,8.67,53928,그날 오후: 지는 해를 보기 싫었다
20137662,101231.jpg,2.20,101231,대디 홈
20137661,106285.jpg,8.00,106285,두 신사
20137644,76461.jpg,7.91,76461,철의 여인
20137643,119048.jpg,0.00,119048,Highs and Lows
20137642,153275.jpg,10.00,153275,더 바디
20137641,131834.jpg,0.00,131834,비상구
20137621,93024.jpg,5.89,93024,필부
20137601,106067.jpg,6.67,106067,바이블 코드
20137588,106068.jpg,0.00,106068,건달 여의사
20137587,117239.jpg,6.56,117239,번개와 춤을
20137586,106851.jpg,8.25,106851,축지법과 비행술
20137585,106850.jpg,4.34,106850,천안함 프로젝트
20137584,94185.jpg,7.37,94185,말하는 건축 시티:홀
20137583,106853.jpg,6.33,106853,환생의 주일
20137582,106849.jpg,5.50,106849,가리봉
20137581,157808.jpg,0.00,157808,로드 무비
20137566,155328.jpg,9.74,155328,상
20137564,106296.jpg,9.01,106296,파티51
20137562,93158.jpg,7.83,93158,퍼시 잭슨과 괴물의 바다
20137561,106300.jpg,10.00,106300,할매-시멘트정원
20137553,107483.jpg,10.00,107483,토와노쿠온 : 물거품의 꽃잎
20137552,106299.jpg,0.00,106299,춤추는 여자
20137550,106298.jpg,7.07,106298,레바논 감정
20137549,135012.jpg,6.30,135012,터보
20137548,106297.jpg,10.00,106297,그로기 썸머
20137547,106801.jpg,7.17,106801,용문
20137546,153900.jpg,0.00,153900,만찬
20137545,93769.jpg,7.00,93769,하이힐을 신은 여자는 위험하다
20137544,134838.jpg,7.27,134838,고스트
20137543,109559.jpg,7.80,109559,수련
20137542,113866.jpg,6.19,113866,논픽션 다이어리
20137541,51855.jpg,8.69,51855,그 남자의 사랑법
20137481,155761.jpg,10.00,155761,부탁
20137468,72435.jpg,6.31,72435,버크 앤 헤어
20137466,121568.jpg,0.00,121568,하이잭
20137465,86898.jpg,8.10,86898,허당 해적단
20137464,100006.jpg,5.33,100006,형사 가제트 : 최대의 사건
20137463,100005.jpg,7.50,100005,형사 가제트 : 최후의 사건
20137462,154094.jpg,0.00,154094,호스텔
20137449,76128.jpg,5.41,76128,오즈의 마법사: 그레이트 매직
20137448,87303.jpg,8.56,87303,히어 컴스 더 붐
20137447,16805.jpg,7.75,16805,힌덴부르크
20137446,84507.jpg,0.00,84507,힌코의 에로틱 망가
20137445,120868.jpg,9.00,120868,바비와 마법의 페가수스
20137442,18371.jpg,8.38,18371,말괄량이 삐삐
20137441,68612.jpg,5.94,68612,리포! 더 제네틱 오페라
20137429,162501.jpg,0.00,162501,피플 라이크 어스
20137428,101260.jpg,3.50,101260,플래시드 : 더파이널챕터
20137427,84840.jpg,7.97,84840,프리미엄 러쉬
20137426,136599.jpg,0.00,136599,애프터 어스
20137425,90928.jpg,6.95,90928,"포 어 굿 타임, 콜..."
20137424,92128.jpg,6.04,92128,펀 사이즈
20137423,101244.jpg,3.00,101244,퍼스트 바이트
20137422,104398.jpg,8.00,104398,폭풍우 치는 밤에: 비밀 친구
20137421,151100.jpg,10.00,151100,파우스트
20137419,78524.jpg,9.71,78524,팅커벨 3 : 위대한 요정 구조대
20137418,97386.jpg,0.00,97386,위험한 사랑
20137417,101234.jpg,5.57,101234,윈드크로프트
20137415,136761.jpg,0.00,136761,트레져 아일랜드
20137414,159181.jpg,0.00,159181,유령
20137410,129461.jpg,7.84,129461,인페르노
20137409,100993.jpg,7.12,100993,자노식
20137408,154107.jpg,7.44,154107,토마스
20137407,51444.jpg,7.69,51444,자토이치2
20137405,82306.jpg,7.40,82306,콜럼버스 서클
20137404,48234.jpg,7.54,48234,짱구는 못말려 극장판: 엄청난 태풍을 부르는 금창의 용사
20137403,52533.jpg,8.83,52533,짱구는 못말려 극장판: 오타케베! 카스카베 야생왕국
20137402,80200.jpg,8.00,80200,콜드 플레이
20137381,94207.jpg,10.00,94207,게게게 키타로: 키타로의 유령전철
20137380,10159.jpg,6.83,10159,007 두번 산다
20137379,76310.jpg,7.50,76310,13 시메스터
20137378,103631.jpg,1.50,103631,30 나이츠 오브 파라노말 액티비티
20137377,69873.jpg,9.88,69873,예스! 프리큐어 5 - 거울 나라의 미라클 대모험!
20137376,77745.jpg,3.31,77745,비키니 걸스 온 아이스
20137375,74854.jpg,6.76,74854,교감
20137374,94204.jpg,0.00,94204,프랭클린의 새 학기
20137373,93689.jpg,8.61,93689,에덴의 선택
20137372,85744.jpg,8.88,85744,꼬마산타 니콜라스
20137371,102801.jpg,6.00,102801,나는 시인이다
20137369,97654.jpg,9.00,97654,니트로 서커스 : 더 무비
20137367,24641.jpg,10.00,24641,더 바이블 - 다윗
20137365,88259.jpg,0.00,88259,드림 오브 스카이
20137364,158595.jpg,0.00,158595,아라비아
20137361,50444.jpg,6.91,50444,미요리의 숲
20137353,148335.jpg,0.00,148335,러브 트라이앵글
20137352,94131.jpg,8.99,94131,루비 스팍스
20137351,119094.jpg,0.00,119094,로드 투 산티아고
20137350,77547.jpg,0.00,77547,료칸의 정사2
20137349,98811.jpg,0.00,98811,룩 어게인
20137348,26127.jpg,3.00,26127,마지막 유혹
20137347,85138.jpg,6.58,85138,매춘부 한나
20137345,153941.jpg,7.51,153941,모세
20137344,26927.jpg,7.50,26927,못말리는 초보 선원
20137343,117995.jpg,0.00,117995,미라지맨
20137342,117787.jpg,9.06,117787,울버린
20137341,102954.jpg,9.25,102954,미션 투 베를린
20137340,102969.jpg,3.07,102969,삼총사 : 용감한 친구들
20137339,85163.jpg,4.25,85163,윌리엄 앤 케이트
20137338,39512.jpg,4.07,39512,요한계시록
20137335,53371.jpg,7.00,53371,바그다드의 도둑
20137334,100655.jpg,4.83,100655,에일리언 아마게돈
20137333,46842.jpg,0.00,46842,맨파워
20137332,16924.jpg,10.00,16924,그들은 부츠를 신은 채로 죽었다
20137331,46845.jpg,0.00,46845,젠틀맨 짐
20137330,46846.jpg,0.00,46846,콜로라도 테리토리
20137329,104896.jpg,0.00,104896,안데르센의 백조왕자
20137328,102853.jpg,2.67,102853,알폰소 보우
20137327,71251.jpg,8.89,71251,야곱
20137326,145739.jpg,8.00,145739,약속
20137325,94210.jpg,1.00,94210,에그 맨
20137322,106028.jpg,0.00,106028,결투 1대 3
20137321,158610.jpg,10.00,158610,쓰리
20137319,155825.jpg,10.00,155825,아파트
20137316,87288.jpg,5.50,87288,씨바이퍼
20137315,106025.jpg,0.00,106025,라울 월쉬 또는 좋았던 옛 시절
20137314,50415.jpg,0.00,50415,실종: 충격적 사실들
20137312,128594.jpg,7.87,128594,신의 이름으로
20137311,62716.jpg,9.21,62716,신데렐라 3
20137309,78578.jpg,5.81,78578,스피드 엔젤
20137306,154133.jpg,7.38,154133,백설공주
20137305,88747.jpg,5.86,88747,스푸키 버디즈
20137301,41333.jpg,4.67,41333,사랑과 배신
20137299,157501.jpg,0.00,157501,스파클
20137297,152042.jpg,0.00,152042,99
20137296,104898.jpg,10.00,104898,스크라이드 얼터레이션 TAO
20137295,50019.jpg,5.64,50019,스트레이트 재킷
20137294,160393.jpg,0.00,160393,스트레인저
20137293,97557.jpg,7.85,97557,스타쉽 트루퍼스 : 인베이전
20140423,128752.jpg,3.60,128752,H 프로젝트
20140422,128751.jpg,0.00,128751,탤런트
20140421,152892.jpg,0.00,152892,이야 모노가타리
20140402,100643.jpg,7.63,100643,헝거게임: 모킹제이
20140401,123433.jpg,9.08,123433,타마코 러브 스토리
20140381,126381.jpg,0.00,126381,어린 소녀의 비밀애
20140362,128754.jpg,0.00,128754,9호 여신
20140361,128758.jpg,0.00,128758,한 엄마의 자녀들
20140352,128759.jpg,0.00,128759,황하 결혼식
20140351,128757.jpg,1.00,128757,언더 더 배드 2
20140350,128756.jpg,0.00,128756,명장 위츠공
20140349,128755.jpg,0.00,128755,노 이발사
20140348,125089.jpg,0.00,125089,레코더
20140347,128750.jpg,0.00,128750,파비스씨의 마지막 날
20140346,121559.jpg,7.00,121559,빙독
20140345,118296.jpg,0.00,118296,남색골두
20140344,127384.jpg,0.00,127384,평양에서 온 편지
20140343,125853.jpg,6.84,125853,김대중
20140342,144282.jpg,0.00,144282,베를린 장벽
20140341,100951.jpg,2.30,100951,노아-40일간의 기적
20140336,126392.jpg,0.00,126392,썸타는 시호부인
20140335,126337.jpg,0.00,126337,전철속 낯선손에 무너지는 그녀들
20140334,126355.jpg,0.00,126355,사장님의 신입여직원 길들이기
20140333,126311.jpg,0.00,126311,새색시의 멈출수 없는 탐욕정사
20140322,126346.jpg,2.00,126346,말리부 섹스파티
20140321,96995.jpg,9.50,96995,비키니 브레이크
20140320,92001.jpg,5.56,92001,플레이어스
20140319,130862.jpg,0.00,130862,디사이플
20140318,149439.jpg,0.00,149439,두려움
20140306,116115.jpg,5.50,116115,소녀의 첫경험
20140305,152068.jpg,0.00,152068,마리나
20140304,128908.jpg,0.00,128908,시아니데
20140303,119649.jpg,0.00,119649,52 화요일들
20140302,113175.jpg,9.14,113175,그랜드 시덕션
20140301,127703.jpg,0.00,127703,브로큰 라이프
20140281,108053.jpg,8.61,108053,"사랑해, 매기"
20140280,125792.jpg,0.00,125792,티그-태그 서커스
20140279,109941.jpg,7.03,109941,3인의 사기단: 진범을 찾아라
20140275,128902.jpg,0.00,128902,우리가 어렸을 때
20140274,128903.jpg,0.00,128903,조이 옆에 앉아
20140273,116061.jpg,0.00,116061,나란히
20140272,119665.jpg,0.00,119665,세피데
20140271,151623.jpg,0.00,151623,후회
20140270,121093.jpg,8.85,121093,사랑이란 언어
20140268,115425.jpg,10.00,115425,눈을 감으면 삶은 더 편하지
20140267,140290.jpg,0.00,140290,품
20140266,145843.jpg,0.00,145843,청
20140265,120648.jpg,0.00,120648,아이알앨
20140264,128905.jpg,0.00,128905,아름다운 지평선
20140263,159549.jpg,10.00,159549,착한 아들
20140262,111183.jpg,0.00,111183,갤로어
20140254,117048.jpg,6.33,117048,X게임2
20140253,98472.jpg,7.60,98472,숨바꼭질 : 극장판 - 도시전설
20140252,86206.jpg,6.19,86206,오오키가의 즐거운 여행 : 신혼지옥편
20140251,115238.jpg,9.21,115238,엄마의 유산
20140250,126359.jpg,0.00,126359,OL의 성
20140249,149637.jpg,0.00,149637,우리들의 격정
20140248,117872.jpg,6.02,117872,황구
20140247,95557.jpg,7.16,95557,베리 굿 걸
20140246,146991.jpg,9.91,146991,질투
20140245,126357.jpg,4.50,126357,원죄적 정사 2014
20140244,160824.jpg,0.00,160824,플러스 원
20140241,126386.jpg,8.55,126386,고녀석 맛나겠다2 : 함께라서 행복해
20140230,110671.jpg,6.05,110671,11.6
20140228,105973.jpg,6.07,105973,컨택트 킬 좀비
20140227,114033.jpg,10.00,114033,불완전한 사랑 완전한 섹스
20140226,97816.jpg,8.47,97816,호빗: 다섯 군대 전투
20140223,135009.jpg,4.24,135009,헬리
20140210,115033.jpg,0.00,115033,쌍둥이와 마블갱
20140209,139324.jpg,0.00,139324,윈드스톰
20140208,146548.jpg,8.60,146548,바다를 보다
20140207,119041.jpg,7.49,119041,꼬마 유령
20140206,128891.jpg,0.00,128891,슈메이커의 용감한 모험
20140205,128892.jpg,10.00,128892,루버브
20140204,126385.jpg,5.86,126385,로스트리전: 로마군단의 반란
20140203,123372.jpg,0.00,123372,타임머신 스푸트닉
20140202,121372.jpg,0.00,121372,마콘도
20140201,154370.jpg,0.00,154370,핀
20140200,155760.jpg,0.00,155760,앤트보이
20140199,128889.jpg,0.00,128889,발코니에 나타난 말
20140198,128890.jpg,0.00,128890,크리스무스 이야기
20140197,115771.jpg,0.00,115771,꼬마 재즈왕 펠릭스
20140196,162390.jpg,0.00,162390,프랭크
20140195,78684.jpg,6.55,78684,엣지 오브 타임
20140194,121051.jpg,7.60,121051,곡성
20140192,123657.jpg,8.16,123657,트로트
20140191,134890.jpg,4.83,134890,플랑크 상수
20140190,125431.jpg,7.18,125431,사랑이 이긴다
20140188,123077.jpg,8.78,123077,뚜르드 프랑스: 기적의 레이스
20140187,122982.jpg,4.45,122982,야누스: 욕망의 두 얼굴
20140186,113973.jpg,7.63,113973,피막
20140181,122581.jpg,8.60,122581,극장판 도라에몽: 진구의 아프리카 모험 ~베코와 5인의 탐험대~
20140180,100147.jpg,6.13,100147,타워 블록
20140179,102878.jpg,3.17,102878,엑스터시 나이트
20140178,146250.jpg,0.00,146250,블랙 앤 화이트
20140177,127544.jpg,0.00,127544,위대한 화가
20140176,127545.jpg,0.00,127545,티니와일드 - 수학놀이
20140175,156992.jpg,0.00,156992,키위
20140163,100026.jpg,7.15,100026,1월의 두 얼굴
20140162,90923.jpg,8.07,90923,"러브, 비하인드"
20140161,84273.jpg,10.00,84273,작은 거인
20140152,127547.jpg,0.00,127547,내 안의 무냐
20140151,124166.jpg,0.00,124166,아나톨의 작은 냄비
20140150,127548.jpg,0.00,127548,까다로운 생쥐
20140149,117577.jpg,0.00,117577,미리암의 연
20140148,126375.jpg,5.09,126375,넥스트 제네레이션 패트레이버 3
20140147,127513.jpg,0.00,127513,용서 못해
20140145,135874.jpg,9.27,135874,홈
20140144,124013.jpg,5.60,124013,도리화가
20140143,148656.jpg,8.59,148656,나무
20140142,127516.jpg,0.00,127516,각본가
20140141,126380.jpg,2.71,126380,아메리칸 저스티스
20140124,127517.jpg,0.00,127517,반사된 내 모습
20140123,160842.jpg,0.00,160842,율리시스
20140122,120431.jpg,0.00,120431,셜리 템플
20140121,120052.jpg,9.16,120052,"1789, 바스티유의 연인들"
20140119,102620.jpg,2.69,102620,미이라 : 피라미드의 비밀
20140118,123086.jpg,6.04,123086,삼총사 2014
20140117,127346.jpg,9.32,127346,손톱
20140116,127518.jpg,0.00,127518,푸쉬 오프
20140115,153036.jpg,0.00,153036,가판대
20140114,127519.jpg,0.00,127519,하이 울
20140112,149583.jpg,1.00,149583,떡
20140111,127340.jpg,7.40,127340,램페이지2-워싱턴심판의날
20140110,114249.jpg,8.81,114249,킹스맨 : 시크릿 에이전트
20140109,127521.jpg,0.00,127521,혼잡한 웅덩이
20140108,127522.jpg,0.00,127522,에드가에게
20140107,162150.jpg,0.00,162150,나비
20140106,126364.jpg,5.71,126364,공공의 적-살인마
20140105,126326.jpg,3.83,126326,수호지-명포영웅 호연작
20140104,116393.jpg,10.00,116393,녹색지대
20140102,155582.jpg,0.00,155582,짐
20140101,127525.jpg,10.00,127525,가시망토를 쓴 소년
20140100,114528.jpg,0.00,114528,젖니
20140098,143204.jpg,0.00,143204,마술피리
20140097,127716.jpg,10.00,127716,2014 베를린 필하모닉 발트뷔네 콘서트
20140096,125562.jpg,4.46,125562,벨라 키스
20140095,116615.jpg,9.00,116615,에이지 오브 패닉
20140094,110813.jpg,7.38,110813,유 앤 더 나잇
20140093,102672.jpg,8.71,102672,마더 데레사의 편지
20140087,127526.jpg,0.00,127526,육아는 힘들어
20140086,127527.jpg,0.00,127527,웨딩 케이크
20140085,126369.jpg,0.00,126369,금단의 꽃: 수치심
20140084,127528.jpg,0.00,127528,카페 바벨
20140082,126367.jpg,5.38,126367,인베이젼 스펙터
20140081,153531.jpg,4.91,153531,밀애
20140080,149305.jpg,0.00,149305,패닉
20140078,18231.jpg,0.00,18231,생 폴의 시계상
20140071,122370.jpg,10.00,122370,아티스트-110
20140070,127512.jpg,0.00,127512,컵 속의 젖소
20140069,127529.jpg,0.00,127529,트레오 피스커
20140068,157759.jpg,0.00,157759,아이돌
20140067,126368.jpg,4.60,126368,러시: 스트리트레이서
20140066,124159.jpg,0.00,124159,하마
20140065,145629.jpg,9.00,145629,말 더듬이
20140064,101273.jpg,0.00,101273,토끼 공화국
20140063,126362.jpg,8.56,126362,원피스 : 에피소드 오브 메리 ~ 또 하나의 동료 이야기 ~
20140062,139565.jpg,10.00,139565,인샬라
20140061,65634.jpg,0.00,65634,헤이 람
20140059,114234.jpg,9.46,114234,팅커벨: 해적요정
20140058,146097.jpg,0.00,146097,트레이싱 카우보이즈
20140057,15117.jpg,9.00,15117,크라임 오브 하트
20140056,146096.jpg,0.00,146096,캘리포니아 인디언
20140053,146095.jpg,0.00,146095,일곱 번째 사냥
20140052,53038.jpg,8.14,53038,인크레더블 러브
20140051,123007.jpg,6.78,123007,유부녀 운전사 하루나
20140050,128818.jpg,8.00,128818,영웅전설-천공의 궤적
20140049,123008.jpg,0.00,123008,여성교도소 유리
20140048,122598.jpg,2.50,122598,어벤져스 컨피덴셜: 블랙 위도우 앤 퍼니셔
20140047,105014.jpg,9.00,105014,어바웃 라스트 나이트
20140046,86564.jpg,0.00,86564,어린 양을 보라
20140045,104269.jpg,9.00,104269,야누스 데이
20140044,137394.jpg,2.00,137394,악령의 게임
20140043,123058.jpg,0.00,123058,시크릿 레이크
20140042,96048.jpg,5.74,96048,스탈린그라드
20140041,124063.jpg,7.35,124063,스쿼터스
20140039,33703.jpg,0.00,33703,슈퍼스티션
20140038,24147.jpg,7.00,24147,숨겨진 계략
20140037,107271.jpg,0.00,107271,순결의 메아리
20140036,93696.jpg,0.00,93696,쇼팽 : 디자이어 포 러브
20140035,118376.jpg,7.78,118376,셀프리스
20140034,13467.jpg,7.57,13467,상태 개조
20140033,126950.jpg,5.16,126950,사랑한다 말해
20140032,150512.jpg,0.00,150512,빅 원
20140031,12616.jpg,7.67,12616,브라질에서 온 소년
20140028,72294.jpg,7.61,72294,메가폴트
20140027,109633.jpg,8.70,109633,만델라: 자유를 향한 머나먼 여정
20140026,159483.jpg,0.00,159483,리틀 걸
20140025,116893.jpg,0.00,116893,룸메이트 연애작전
20140024,85863.jpg,9.11,85863,레이버 데이
20140023,122017.jpg,0.00,122017,레드 콜벳
20140022,102450.jpg,4.38,102450,라이즈 오브 더 블랙 배트
20140021,127481.jpg,6.97,127481,라이드 어롱
20140020,159702.jpg,0.00,159702,도르
20140015,98486.jpg,8.37,98486,그루지 매치
20140014,123004.jpg,10.00,123004,그녀의 은밀한 장난감
20140013,118686.jpg,0.00,118686,그녀의 뜨거운 욕망
20140010,128817.jpg,0.00,128817,귀공자 엔마-엔마
20140002,127504.jpg,0.00,127504,계속 변화 중
20140001,124181.jpg,0.00,124181,통나무
20139981,161039.jpg,0.00,161039,캐치미
20139963,60408.jpg,7.50,60408,비상선의 여자
20139962,38727.jpg,8.60,38727,도다가의 형제자매들
20139961,38726.jpg,8.67,38726,바람 속의 암탉
20139942,63587.jpg,3.63,63587,맥베드
20139941,87425.jpg,10.00,87425,핫 코너
20139923,81546.jpg,5.00,81546,치어리더 캠프
20139922,111007.jpg,5.17,111007,맛있는 섹스 - 인연
20139921,107070.jpg,6.67,107070,셀러브리티 섹스테이프
20139901,113645.jpg,10.00,113645,금지된 장난
20139882,108718.jpg,0.00,108718,콤플렉스
20139881,105521.jpg,7.59,105521,피끓는 청춘
20139863,102281.jpg,7.27,102281,엽문4: 종극일전
20139861,149496.jpg,0.00,149496,질식
20139843,107072.jpg,7.67,107072,밀프
20139842,140257.jpg,6.52,140257,슬립리스 나이트
20139841,47545.jpg,4.26,47545,새벽의 저주-악령의 부활
20139826,98744.jpg,8.20,98744,마지막 4중주
20139825,99335.jpg,8.38,99335,나에게서 온 편지
20139824,158688.jpg,0.00,158688,라 트라비아타
20139823,43281.jpg,9.11,43281,오케스트라의 소녀
20139822,76042.jpg,7.15,76042,코리올라누스: 세기의 라이벌
20139821,162223.jpg,0.00,162223,슈퍼히어로
20139801,133286.jpg,5.89,133286,성난 화가
20139781,53340.jpg,9.00,53340,삼손과 데릴라
20139779,159645.jpg,10.00,159645,서바이벌
20139778,155519.jpg,0.00,155519,아내의 애인
20139770,63089.jpg,9.25,63089,사도 바울
20139767,82184.jpg,5.25,82184,씨 울프
20139765,149150.jpg,5.00,149150,일요일
20139764,52782.jpg,7.58,52782,자유의 댄스
20139763,149743.jpg,0.00,149743,커버 업
20139762,152476.jpg,10.00,152476,테이크 미 홈
20139761,154194.jpg,0.00,154194,퍼니퍼니
20139760,102451.jpg,7.78,102451,프리머티브
20139759,101243.jpg,6.50,101243,제이크의 벽장
20139757,111200.jpg,2.00,111200,욕망의 트라이앵글
20139756,16299.jpg,6.90,16299,최가박당 3 - 여황밀령
20139755,72053.jpg,7.97,72053,해리 브라운
20139754,153067.jpg,0.00,153067,창세기
20139750,82869.jpg,0.00,82869,하이틴
20139745,144355.jpg,8.60,144355,감바의 모험
20139743,136755.jpg,0.00,136755,유니온 스퀘어
20139696,106066.jpg,7.50,106066,에리어 49
20139695,106595.jpg,3.34,106595,아이언맨: 라이즈 오브 테크노보어
20139694,129095.jpg,10.00,129095,스톰
20139693,154106.jpg,0.00,154106,섹스 파일
20139689,149587.jpg,10.00,149587,불멸의 사랑
20139686,155328.jpg,9.74,155328,중독
20139682,156631.jpg,0.00,156631,밤의 황제
20139678,124339.jpg,10.00,124339,레고 히어로 팩토리 : 미지의 행성
20139677,112721.jpg,9.11,112721,레 미제라블 : 25주년 런던 라이브 공연
20139675,76498.jpg,7.67,76498,더 트로이
20139674,133097.jpg,10.00,133097,더 아이덴티티
20139673,103748.jpg,4.78,103748,더 마린 3
20139672,85717.jpg,7.35,85717,더 길트 트립
20139671,79122.jpg,5.62,79122,당백호점추향 2 - 사대제자
20139670,150084.jpg,0.00,150084,껌
20139667,106064.jpg,8.00,106064,그녀의 13월
20139661,94676.jpg,7.92,94676,페이트/스테이 나이트 극장판 무한의 검제
20139643,32159.jpg,0.00,32159,예전엔
20139641,57508.jpg,2.36,57508,스위트 드림
20139625,159749.jpg,0.00,159749,카오스
20139624,152055.jpg,0.00,152055,파편
20139623,105250.jpg,8.00,105250,신세기 낭만시대
20139622,110852.jpg,8.86,110852,시나리오 가이드
20139621,110850.jpg,10.00,110850,辛 소림사 주방장 2
20139601,141260.jpg,7.34,141260,더 퍼지
20139581,110730.jpg,6.17,110730,세상은 가끔 아름답다
20139569,110849.jpg,8.67,110849,허창열씨 오구굿
20139568,154606.jpg,0.00,154606,낙원
20139567,162720.jpg,0.00,162720,"피스, 피스"
20139566,106009.jpg,9.00,106009,"섬 안의 섬, 그 안의 더 많은 바다, 그리고 그 안의 더 많은 섬들"
20139565,110846.jpg,8.00,110846,김치컬트
20139563,105272.jpg,8.75,105272,D-24
20139562,110844.jpg,10.00,110844,바람이 지나는 길
20139561,110843.jpg,7.20,110843,달이 기울면
20139554,110842.jpg,8.00,110842,앱사피엔스
20139553,110841.jpg,10.00,110841,"안녕, 루키"
20139552,109824.jpg,6.83,109824,해독제는 없다
20139551,110840.jpg,8.00,110840,썬크림
20139550,86348.jpg,8.75,86348,대회전
20139549,110839.jpg,10.00,110839,댄스 위드 마이 마더
20139548,110838.jpg,8.77,110838,4교시 체육시간
20139523,91034.jpg,7.20,91034,타나토스
20139507,105248.jpg,9.00,105248,자네 아내와 여행을 가고 싶네
20139506,110831.jpg,7.70,110831,섹스킹
20139505,110830.jpg,4.50,110830,강철유리
20139504,110829.jpg,8.00,110829,왈츠 속의 탱고
20139503,138168.jpg,0.00,138168,징후
20139502,108642.jpg,8.00,108642,아쇼크
20139501,110828.jpg,9.00,110828,오리엔테이션
20139492,43804.jpg,10.00,43804,자기소개
20139491,154552.jpg,10.00,154552,오징어
20139490,111002.jpg,5.80,111002,무민가족의 한여름 대소동
20139489,108847.jpg,9.33,108847,서울유람
20139488,110826.jpg,9.00,110826,다마스
20139487,110825.jpg,7.17,110825,더 재즈 쿼텟
20139486,140412.jpg,10.00,140412,열대야
20139485,130072.jpg,0.00,130072,집으로 오는 길
20139463,151347.jpg,0.00,151347,시선
20139462,84936.jpg,7.25,84936,아메리칸 오지
20139461,153421.jpg,0.00,153421,뫼비우스
20139441,107450.jpg,3.50,107450,전망 좋은 차- 맛있는 섹스
20139422,108575.jpg,9.42,108575,에바로드
20139421,152526.jpg,6.00,152526,도둑
20139403,101065.jpg,7.08,101065,팬텀: 라스트 커맨더
20139402,109912.jpg,2.51,109912,연애의 기술
20139401,107923.jpg,7.52,107923,찌라시: 위험한 소문
20139387,110752.jpg,0.00,110752,만원전철 속 그녀2
20139386,79853.jpg,3.00,79853,쾌락! 메이드로이드
20139385,111199.jpg,1.00,111199,백일몽 금단의기억
20139384,111849.jpg,0.00,111849,알바생과의 불륜
20139383,101669.jpg,8.90,101669,극장판 도라에몽: 진구의 비밀도구 박물관
20139382,115287.jpg,9.23,115287,콩나물
20139381,111866.jpg,0.00,111866,동급생과의 불륜
20139363,35756.jpg,9.50,35756,천국과 지옥
20139362,105247.jpg,5.91,105247,노마드 더 비기닝
20139361,111118.jpg,6.33,111118,스트리퍼 VS 늑대인간
20139323,107454.jpg,7.00,107454,브레이크 블레이드3: 운명의 장난
20139321,86395.jpg,4.00,86395,장 총을 든 수녀
20139301,92237.jpg,6.93,92237,대부 : 끝나지 않은 이야기
20139281,94947.jpg,6.00,94947,어그레션 스케일
20139265,130757.jpg,7.47,130757,잡스
20139264,151655.jpg,0.00,151655,퓨어
20139263,98929.jpg,6.21,98929,쿵후팬더: 영웅의 탄생
20139262,101611.jpg,6.38,101611,극장판 헌터X헌터 : 팬텀루즈
20139261,107456.jpg,4.04,107456,내비게이션
20139243,100109.jpg,5.13,100109,아웃포스트 : 블랙선
20139242,97063.jpg,9.25,97063,오디네리 레이디
20139241,111018.jpg,8.00,111018,작안의 샤나 극장판
20139222,101645.jpg,6.88,101645,라스트 엑소시즘: 잠들지 않는 영혼
20139183,108225.jpg,7.06,108225,역린
20139182,107457.jpg,0.00,107457,닌자 정사2
20139181,100580.jpg,4.93,100580,유니버셜 솔저4: 클론의 반란
20139164,106547.jpg,7.50,106547,표적
20139161,95765.jpg,7.14,95765,파리의 자살가게
20139141,102098.jpg,7.18,102098,토니 스토리: 깡통제국의 비밀
20139121,160545.jpg,0.00,160545,인 더 하우스
20139106,70997.jpg,9.25,70997,해양천국
20139105,101638.jpg,7.66,101638,로스트 인 타일랜드
20139104,92530.jpg,8.00,92530,실연33일
20139103,149721.jpg,7.00,149721,1942
20139102,102096.jpg,0.00,102096,케이블 카 의사
20139101,106663.jpg,6.00,106663,샤오홍
20139083,106335.jpg,8.28,106335,언어의 정원
20139082,97757.jpg,8.56,97757,인헤리턴스
20139081,94110.jpg,6.89,94110,타이치0 3D
20139074,94288.jpg,9.00,94288,노인 요양원
20139073,143362.jpg,7.17,143362,수색
20139072,49501.jpg,8.06,49501,일대종사
20139071,89260.jpg,10.00,89260,토와노쿠온 VI : 영원의 구원
20139070,107452.jpg,0.00,107452,아실
20139069,107451.jpg,0.00,107451,투사들
20139068,107453.jpg,7.50,107453,로얄러브
20139067,87525.jpg,7.00,87525,연결도시
20139066,99389.jpg,4.50,99389,카얀
20139065,90397.jpg,10.00,90397,토와노쿠온 V : 쌍절의 복귀
20139063,107485.jpg,10.00,107485,토와노쿠온 III : 몽환의 연좌
20139062,107486.jpg,10.00,107486,토와노쿠온 IV : 홍련의 초심
20139061,102488.jpg,7.14,102488,크루세이드 : 타임머신
20139046,96814.jpg,9.86,96814,특수사건 전담반 TEN
20139045,96814.jpg,9.86,96814,특수사건 전담반 TEN 2
20139044,82253.jpg,5.78,82253,다크 아워
20139043,107459.jpg,0.00,107459,창녀의 성적유희
20139042,102088.jpg,7.00,102088,친구의 아내를 탐하다
20139041,119051.jpg,6.66,119051,신의 전사들
20139026,109752.jpg,4.38,109752,더풀-인티머데이션
20139025,77582.jpg,7.75,77582,브레이크 블레이드 2 :  전쟁의 서막
20139023,149721.jpg,7.00,149721,나츠
20139022,107460.jpg,10.00,107460,파친코의 여왕
20139021,102097.jpg,7.20,102097,흑역사
20139001,162318.jpg,0.00,162318,세이프
20138982,158233.jpg,10.00,158233,마스터
20138981,138876.jpg,7.67,138876,포이즌
20138963,80662.jpg,6.87,80662,넘버스 스테이션
20138962,156632.jpg,0.00,156632,리오 2
20138961,107463.jpg,5.50,107463,그림리퍼
20138955,92005.jpg,6.02,92005,스프링 브레이커스
20138954,92586.jpg,0.00,92586,록스타를 위한 무대는 없다
20138953,150743.jpg,0.00,150743,미 앤 유
20136869,158784.jpg,0.00,158784,은밀한 유혹
20136868,98748.jpg,7.88,98748,코뿔소의 계절
20136867,96996.jpg,6.98,96996,클린스킨
20136866,90901.jpg,8.49,90901,노예 12년
20136865,49479.jpg,7.58,49479,캡틴 하록
20135830,117314.jpg,0.00,117314,순결학개론
20135829,117250.jpg,5.33,117250,수호지-의적유당
20135828,18350.jpg,8.78,18350,제 5원소 리마스터링 감독판
20135827,107034.jpg,5.11,107034,불이신탐
20135821,84838.jpg,7.82,84838,해롤드 앤 쿠마 3 : 크리스마스 대작전
20135816,118291.jpg,10.00,118291,힐링실패
20135815,149499.jpg,6.00,149499,햄스터
20135814,118289.jpg,10.00,118289,완벽한 여행
20135813,139664.jpg,9.67,139664,기억세탁소
20135812,118286.jpg,0.00,118286,로즈데이 헤프닝
20135811,118285.jpg,0.00,118285,벗다
20135809,118283.jpg,0.00,118283,미들급
20135808,118281.jpg,0.00,118281,빨강 집
20135806,118279.jpg,4.67,118279,어디로
20135805,12780.jpg,7.90,12780,아르고 황금 대탐험
20135804,71600.jpg,7.71,71600,해리슨포드의 특별조치
20135802,88529.jpg,0.00,88529,"굿 럭, 미스터 고스키"
20135801,79325.jpg,6.06,79325,헌트 투 킬
20135799,73352.jpg,7.25,73352,동문
20135798,45902.jpg,10.00,45902,형사가제트-크리스마스를구하다
20135797,78109.jpg,0.00,78109,혼돈의 봄
20135795,74624.jpg,6.99,74624,홀 패스
20135794,30362.jpg,6.50,30362,홈포더할리데이
20135793,70613.jpg,8.00,70613,백색 공간
20135792,16788.jpg,8.43,16788,후지어
20135791,85629.jpg,8.20,85629,후킹업
20135790,29275.jpg,7.00,29275,후퍼
20135788,84509.jpg,0.00,84509,희망 언덕 부부전쟁
20135787,85183.jpg,5.84,85183,히트 리스트
20135785,112052.jpg,0.00,112052,적자
20135784,80625.jpg,8.64,80625,저스틴 비버 : 네버 세이 네버
20135783,98091.jpg,6.80,98091,테러블 앤젤스
20135782,66282.jpg,8.00,66282,킬로메트로 31
20135781,82014.jpg,4.99,82014,특수기동대 2 : 파이어파이트
20135780,118278.jpg,10.00,118278,새날
20135779,118277.jpg,9.00,118277,"출구, 감옥 속의 살인자들"
20135778,127626.jpg,0.00,127626,"엄마, 미안해요"
20135777,151650.jpg,8.50,151650,우리집
20135775,118273.jpg,8.68,118273,왜 독립영화 감독들은 DVD를 주지 않는가?
20135774,125137.jpg,0.00,125137,프랑소와
20135773,118272.jpg,5.50,118272,승자없는 싸움
20135772,118271.jpg,4.00,118271,저 문은 언제부터 열려있었던거지?
20135771,118270.jpg,10.00,118270,지상의 밤
20135770,122022.jpg,5.39,122022,레디액션! 폭력영화
20135769,107748.jpg,8.94,107748,극장판 슈타인즈 게이트: 부하영역의 데자뷰
20135768,158898.jpg,9.86,158898,오렌지
20135767,84278.jpg,7.58,84278,두부요괴
20135766,97720.jpg,4.56,97720,나폴레옹 토레스전투
20135765,92574.jpg,5.05,92574,혈적자: 황제암살단
20135764,95478.jpg,6.96,95478,욕망의 법칙
20135763,150877.jpg,9.00,150877,강냉이
20135762,51472.jpg,6.92,51472,애꾸라 불린 여자
20135761,75454.jpg,5.44,75454,안드로이드 : 지구 최후의 전쟁
20135760,117952.jpg,0.00,117952,올드송
20135759,148735.jpg,0.00,148735,필스
20135758,142541.jpg,0.00,142541,써커
20135756,32052.jpg,8.00,32052,서버비아
20135755,161899.jpg,0.00,161899,더 캠페인
20135754,140191.jpg,0.00,140191,일출
20135753,151100.jpg,10.00,151100,파우스트
20135752,33325.jpg,2.40,33325,파이널 K2
20135750,129557.jpg,0.00,129557,파쿠르
20135749,87281.jpg,5.93,87281,패는여자
20135748,66609.jpg,8.65,66609,설득
20135747,148117.jpg,0.00,148117,더 체어
20135746,12094.jpg,5.78,12094,패러딘 부인의 사랑
20135745,39335.jpg,8.75,39335,성공의 달콤한 향기
20135744,118347.jpg,8.12,118347,패러독스
20135743,36572.jpg,0.00,36572,성난 파도
20135742,118160.jpg,7.00,118160,성냥팔이 소녀
20135740,72071.jpg,5.92,72071,아워 패밀리 웨딩
20135739,36847.jpg,7.98,36847,아웃 오브 타임
20135738,24665.jpg,0.00,24665,세 번의 삶과 한 번의 죽음
20135737,150519.jpg,0.00,150519,세대
20135736,45227.jpg,6.20,45227,이니시에이션 오브 사라
20135735,10490.jpg,6.59,10490,세븐 싸인
20135733,75019.jpg,7.67,75019,세월신투
20135732,74304.jpg,8.20,74304,세크리테리엇
20135731,86251.jpg,5.71,86251,섹슈얼 라이프
20135729,67598.jpg,3.92,67598,퍼펙트 크리쳐
20135727,18631.jpg,7.83,18631,소방수의 무도회
20135726,94862.jpg,6.59,94862,핀프릭
20135725,44018.jpg,6.00,44018,퍼퓸 오브 더 레이디 인 블랙
20135724,153356.jpg,4.88,153356,슈터
20135723,73565.jpg,6.00,73565,웨이팅 포 슈퍼맨
20135722,72714.jpg,2.15,72714,쏘우 : 데스 머신
20135721,161493.jpg,0.00,161493,아담
20135710,104389.jpg,6.07,104389,러빙 이비자: 섹슈얼아일랜드
20135709,73137.jpg,9.00,73137,펠리시티
20135707,163326.jpg,0.00,163326,스마일
20135705,158515.jpg,0.00,158515,편지
20137048,102875.jpg,9.02,102875,국제시장
20137046,108688.jpg,10.00,108688,끝없는 여름
20137043,143944.jpg,0.00,143944,남자가 사랑할 때
20137042,137437.jpg,8.95,137437,토스카
20137041,105389.jpg,7.56,105389,우리 선희
20137029,88757.jpg,7.40,88757,영원한 농담
20137027,107992.jpg,9.27,107992,패밀리
20137026,76479.jpg,6.71,76479,방콕 아드레날린
20137025,94171.jpg,3.48,94171,세븐 빌로우
20137024,102061.jpg,4.38,102061,세 여자의 맛있는 불륜
20137023,145635.jpg,0.00,145635,메인 스트리트
20137022,104089.jpg,6.11,104089,크로스 라인
20137021,93434.jpg,10.00,93434,가면과 거울
20137011,162717.jpg,9.00,162717,쌀
20137008,71315.jpg,0.00,71315,더스트 오브 타임
20137007,85536.jpg,10.00,85536,누가 쌌노?
20137002,150198.jpg,8.81,150198,이름들
20137001,128588.jpg,0.00,128588,더 해머
20136999,117268.jpg,0.00,117268,금지된 알바
20136998,117282.jpg,0.00,117282,몽정애-꿈 속의 여인
20136997,159813.jpg,8.72,159813,모험
20136987,105800.jpg,10.00,105800,언다운티드: 회의에서 확신으로
20136984,97943.jpg,10.00,97943,깁스를 한 남자
20136983,161399.jpg,0.00,161399,자리
20136982,101374.jpg,10.00,101374,이른 저녁식사
20136981,107962.jpg,9.85,107962,모범생
20136968,74518.jpg,7.69,74518,제인 에어
20136967,96014.jpg,3.00,96014,전망좋은집:무삭제노출판
20136963,102427.jpg,4.96,102427,스큐
20136962,95503.jpg,8.00,95503,레드: 더 레전드
20136961,125494.jpg,8.79,125494,퍼시픽 림
20136948,116243.jpg,0.00,116243,밤의 여인 1%의 섹스
20136947,116240.jpg,0.00,116240,포르노 아티스트
20136941,89615.jpg,7.81,89615,초한지 - 천하대전 감독판
20136939,114753.jpg,9.66,114753,제3성전
20136938,93675.jpg,2.84,93675,헬레이저: 레버레이션
20136937,117266.jpg,10.00,117266,요리사와의 불륜
20136936,79102.jpg,7.14,79102,하드데이
20136935,95808.jpg,8.59,95808,위험한 패밀리
20136933,105512.jpg,9.00,105512,킬링 링컨
20136932,102590.jpg,4.83,102590,180°
20136931,118613.jpg,0.00,118613,무인도 탈출
20136930,101270.jpg,0.00,101270,펫 버드
20136929,159159.jpg,0.00,159159,건
20136700,108247.jpg,0.00,108247,사고뭉치 개구리
20136699,108246.jpg,0.00,108246,요술 신발
20136698,108245.jpg,8.00,108245,"말썽쟁이, 내 눈알"
20136697,108244.jpg,10.00,108244,폴의 모험
20136696,107977.jpg,7.00,107977,희망의 금붕어
20136694,155070.jpg,0.00,155070,작은 여우들
20136693,36190.jpg,0.00,36190,작은 마을의 봄
20136692,44921.jpg,9.00,44921,태양은 밝게 빛난다
20136689,32363.jpg,10.00,32363,13달인 어느 해에
20136688,84101.jpg,0.00,84101,죽도록 사랑하리
20136687,65034.jpg,8.60,65034,그들은 밤에 산다
20136686,19133.jpg,8.13,19133,고독한 영혼
20136685,65035.jpg,10.00,65035,러스티 맨
20136684,65036.jpg,10.00,65036,제시 제임스 스토리
20136683,124797.jpg,8.00,124797,파티걸
20136682,65038.jpg,8.83,65038,야생의 순수
20136679,137792.jpg,0.00,137792,리플레이
20136677,159408.jpg,8.99,159408,극장
20136675,77524.jpg,0.00,77524,사랑 그리고 도둑
20136672,160929.jpg,0.00,160929,더 런트
20136671,31114.jpg,0.00,31114,링 오브 파이어
20136665,148028.jpg,10.00,148028,무법자
20136663,96421.jpg,0.00,96421,백본테일
20136662,92825.jpg,7.91,92825,뷰티풀 크리처스
20136661,95846.jpg,7.06,95846,프랑스 다이어리
20136660,96746.jpg,10.00,96746,굿 바이브레이션즈
20136659,150464.jpg,0.00,150464,브릭스
20136658,107984.jpg,0.00,107984,곤충의 역사
20136657,107982.jpg,0.00,107982,강아지 청년 실업 - 소방견
20136656,107965.jpg,0.00,107965,우주의 과자공장
20136655,107983.jpg,0.00,107983,강아지 청년실업 - 안내견
20136654,54571.jpg,9.49,54571,펭귄의 크리스마스
20136653,76011.jpg,0.00,76011,행성 알파 9의 저주
20136652,127733.jpg,0.00,127733,바코드
20136651,107967.jpg,0.00,107967,치킨 탐정
20136650,107975.jpg,9.00,107975,공포의 쿠키
20136649,79461.jpg,8.00,79461,서커스 가족
20136648,107973.jpg,0.00,107973,삶의 가치
20136647,107968.jpg,0.00,107968,그리스의 세 여신
20136646,95756.jpg,10.00,95756,감옥 속의 오디션
20136645,77311.jpg,0.00,77311,리틀 쿠엔틴
20136644,103644.jpg,4.41,103644,추격
20136643,88773.jpg,2.71,88773,생생활활
20136642,142328.jpg,6.00,142328,그 날의 진실
20136641,70788.jpg,0.00,70788,일곱 형제
20136632,118887.jpg,0.00,118887,전화번호부 폴카 댄스
20136631,118888.jpg,0.00,118888,머나먼 서쪽 - 진짜 서부극
20136630,114472.jpg,0.00,114472,크로싱 빅토리아
20136629,118361.jpg,7.56,118361,엑스 마키나
20136628,114445.jpg,0.00,114445,2주 - 2분
20136626,118891.jpg,0.00,118891,르 푸플 드 레르브 MV - 토킹 더 크래쉬
20136624,162779.jpg,0.00,162779,판다
20136623,161135.jpg,0.00,161135,노먼
20136610,161503.jpg,10.00,161503,재
20136609,118795.jpg,0.00,118795,되감기
20136608,154639.jpg,0.00,154639,오늘
20136607,118776.jpg,10.00,118776,나와 나의 거리
20136606,118798.jpg,0.00,118798,눈이 가는 길
20136605,118886.jpg,10.00,118886,여인의 편지
20136604,118885.jpg,10.00,118885,어드벤처 타임 ′글리치 이즈 글리치′
20136603,117337.jpg,0.00,117337,스티븐 앤 비틀
20136602,105186.jpg,0.00,105186,카마가사키 권리 찾기
20136599,95996.jpg,0.00,95996,잔디 위의 조찬
20136598,98599.jpg,0.00,98599,로맨스 레퀴엠
20136597,113069.jpg,0.00,113069,산티아고로 가는 길
20136596,118882.jpg,0.00,118882,어떤 증오
20136595,118883.jpg,0.00,118883,고티에 MV - 이지 웨이 아웃
20136594,102913.jpg,0.00,102913,"테뷰런의 왕, 마르셀"
20136593,118881.jpg,0.00,118881,굿 그리프 : 슬픔을 주는 삶
20136591,118879.jpg,0.00,118879,데자무
20136590,136944.jpg,0.00,136944,스타더스트
20136589,128435.jpg,0.00,128435,정전
20136588,104789.jpg,0.00,104789,핀볼
20136586,96031.jpg,7.79,96031,오직 사랑하는 이들만이 살아남는다
20136584,75304.jpg,7.33,75304,모노거미
20136583,88258.jpg,6.56,88258,조조-황제의 반란 감독판
20136582,83407.jpg,6.98,83407,플라이페이퍼
20136581,89322.jpg,8.00,89322,모스크바 히트
20136578,117874.jpg,2.32,117874,녀녀녀
20136576,109710.jpg,9.50,109710,호숫가에서
20136575,96982.jpg,7.69,96982,배틀 오브 비보이
20136574,118863.jpg,0.00,118863,삶의 조각
20136573,114433.jpg,0.00,114433,나니누네노노
20136572,96179.jpg,0.00,96179,아웃 오브 플레이
20136570,155269.jpg,0.00,155269,스팅
20136569,98709.jpg,3.93,98709,디 엔드: 인류 최후의 날
20136568,105701.jpg,0.00,105701,잔인한 내림(遺傳)
20136567,135262.jpg,0.00,135262,마이 플레이스
20136566,105190.jpg,10.00,105190,군대에 가고 싶지 않은 마음
20136565,105191.jpg,8.29,105191,울면서 달리기
20136564,160576.jpg,0.00,160576,Requiem
20136563,105200.jpg,4.00,105200,사물의 숨겨진 원리
20136562,105195.jpg,6.75,105195,콩가루 모녀
20136561,105703.jpg,9.00,105703,"학교, 밖으로"
20136560,105192.jpg,7.57,105192,내가 기억하는 것
20136559,105198.jpg,0.00,105198,철의 시대
20136558,99327.jpg,8.12,99327,미스터 컴퍼니
20136557,155328.jpg,9.74,155328,상
20136556,157745.jpg,6.00,157745,이상
20136555,105185.jpg,0.00,105185,사사키 치즈코가 사는 법
20136554,105182.jpg,0.00,105182,결코 파괴되지 않는..
20136553,105181.jpg,0.00,105181,하늘을 향해 빛으로 소리쳐
20136552,105180.jpg,10.00,105180,미안해요. 함께 할게요
20136551,105183.jpg,0.00,105183,유리감옥
20136550,105184.jpg,0.00,105184,나의 신념
20136547,105193.jpg,10.00,105193,햇빛과 사이렌
20136546,94786.jpg,9.50,94786,2의 증명
20136539,138569.jpg,8.33,138569,센트리
20136538,119008.jpg,0.00,119008,스캔
20136537,118865.jpg,0.00,118865,프레티 키티의 꽃
20136536,118864.jpg,0.00,118864,나마키
20136535,137894.jpg,10.00,137894,격전
20136534,99226.jpg,0.00,99226,국제 아버지의 날
20136530,118866.jpg,0.00,118866,패키지 위스퍼
20136529,93449.jpg,0.00,93449,굿바이 UR - 일본 공공주택의 위기
20136528,105189.jpg,0.00,105189,닭의 마을
20136527,105187.jpg,10.00,105187,"村, 금가이"
20136526,105196.jpg,0.00,105196,우는 여자
20136525,105194.jpg,0.00,105194,버블아트
20136524,104827.jpg,9.56,104827,동구 밖
20136523,105179.jpg,0.00,105179,송전탑
20136521,105178.jpg,0.00,105178,765와 용회마을
20136520,119010.jpg,0.00,119010,로트애플
20136519,118868.jpg,0.00,118868,"스탠 리 콜 MV ""세퍼레이티드"""
20136518,119002.jpg,0.00,119002,비하인드 더 씬 : 루미나리
20136517,90371.jpg,5.38,90371,더 스피크 - 죽음의소리
20136516,97027.jpg,3.76,97027,실버폴스의 유령
20136515,79570.jpg,5.75,79570,피트 스몰스 이즈 데드
20136514,105845.jpg,5.25,105845,파이브쏘울-악마의게임
20136513,100572.jpg,7.32,100572,표적이 된 학원
20136512,26821.jpg,7.91,26821,라이프 오브 브라이언
20136511,13275.jpg,7.71,13275,행잉 록에서의 소풍
20136510,29858.jpg,7.29,29858,거리의 공황
20136509,117261.jpg,8.06,117261,청춘예찬
20136508,31443.jpg,0.00,31443,아이 리멤버 마마
20136505,151473.jpg,0.00,151473,더 글로브
20136503,117447.jpg,0.00,117447,통키 시즌2
20136501,102421.jpg,6.00,102421,데스워리어
20136500,118892.jpg,0.00,118892,퍼펙트 푸셋
20136499,118893.jpg,0.00,118893,도둑과 카펜터스
20136498,116238.jpg,6.46,116238,논스톱: 분노의 질주
20136497,118896.jpg,0.00,118896,우리의 작은 천국
20136496,118897.jpg,0.00,118897,모든 걸 걸고라도
20136495,118898.jpg,0.00,118898,아동 인권
20136494,118899.jpg,0.00,118899,캐리비안 크리스마스
20136489,133637.jpg,0.00,133637,대학탐방
20136488,119265.jpg,0.00,119265,소카이의 초여름
20136487,142463.jpg,0.00,142463,아무도 모른다
20136486,162161.jpg,0.00,162161,악의
20136484,136712.jpg,0.00,136712,바늘
20136483,150726.jpg,5.50,150726,화장
20136482,119263.jpg,8.83,119263,개진상
20136480,131903.jpg,0.00,131903,도하가
20136479,153501.jpg,4.82,153501,불청객
20136478,130408.jpg,8.75,130408,영희씨
20136477,146077.jpg,0.00,146077,흔적
20136476,159636.jpg,10.00,159636,산책
20136475,146533.jpg,0.00,146533,Home Sweet Home
20136474,118900.jpg,0.00,118900,돈 무스 위드 무스
20136473,119001.jpg,0.00,119001,플로츠
20136472,152982.jpg,0.00,152982,비트
20136460,146339.jpg,6.00,146339,늑대 인간
20136459,72058.jpg,8.65,72058,블랙 스완
20136455,155888.jpg,0.00,155888,인사이드/아웃
20136449,99014.jpg,9.50,99014,망원경과 텔레파시
20136448,149289.jpg,9.07,149289,메리 크리스마스
20136447,139057.jpg,0.00,139057,리트릿
20136446,118690.jpg,6.68,118690,공각기동대 어라이즈 보더: 2 고스트 위스퍼스
20136444,117259.jpg,0.00,117259,사건-덫에걸린여인들
20136443,117500.jpg,5.29,117500,아이리스 2 : 더 무비
20136442,105245.jpg,9.60,105245,한복자
20136441,144997.jpg,10.00,144997,킬링 소프틀리
20136438,122088.jpg,5.50,122088,드래곤볼 Z 극장판 3
20136435,14472.jpg,0.00,14472,미궁의 살인 사건
20136433,82068.jpg,4.08,82068,솔저 오브 포춘
20136432,73405.jpg,4.60,73405,스파이더 웹
20136431,121270.jpg,0.00,121270,스페셜 OPS
20136428,91228.jpg,0.00,91228,코로스
20136426,138959.jpg,0.00,138959,달리아
20136425,114406.jpg,0.00,114406,독솔로지
20136424,108812.jpg,0.00,108812,스네일
20136423,160982.jpg,4.90,160982,원나잇
20136422,122079.jpg,0.00,122079,인간의자
20136419,160914.jpg,0.00,160914,테러리스트
20136418,103669.jpg,9.60,103669,톰 소여
20136417,101904.jpg,8.73,101904,트롤
20136416,129783.jpg,7.65,129783,트롤 2
20136415,138876.jpg,7.67,138876,포이즌
20136414,140542.jpg,0.00,140542,고양이 소녀
20136413,152869.jpg,0.00,152869,할아버지
20136412,114421.jpg,10.00,114421,롤링 사파리
20136411,114438.jpg,10.00,114438,젖소 납치 사건
20136410,118870.jpg,0.00,118870,러브 올림픽 - 펜싱
20136409,118869.jpg,0.00,118869,톰과 여왕벌
20136407,103736.jpg,0.00,103736,닌자 엔젤스
20136406,115911.jpg,0.00,115911,다마알
20136405,71352.jpg,10.00,71352,뷰티풀 아일랜드
20136404,99313.jpg,9.50,99313,"달려라, 그랜드라이더스!"
20136402,156087.jpg,10.00,156087,들개
20136400,64798.jpg,7.19,64798,스탠바이 캅
20136399,155398.jpg,9.52,155398,고해
20136398,88245.jpg,7.90,88245,디 오드 라이프 오브 티모시 그린
20136396,123568.jpg,5.72,123568,디워-드래곤
20136395,73521.jpg,4.40,73521,디워 : 익룡의 공습
20136393,120213.jpg,0.00,120213,디텐션
20136392,138861.jpg,0.00,138861,슬레이어
20136391,142691.jpg,8.82,142691,소녀시대
20136383,73487.jpg,5.20,73487,베니스 스틸 워터스
20136382,73430.jpg,7.33,73430,어스 스톰
20136381,119860.jpg,9.00,119860,뛰지말고 걸어라
20136380,73463.jpg,8.91,73463,라모나 & 비저스
20136379,134527.jpg,0.00,134527,라스트 송
20136377,157884.jpg,0.00,157884,아이노아
20136376,149100.jpg,0.00,149100,라이크 크레이지
20136374,162610.jpg,0.00,162610,러브 스테이지
20136373,84508.jpg,0.00,84508,러브 앤 돌
20136372,96068.jpg,9.43,96068,럭키 세븐
20136928,117280.jpg,8.49,117280,그 사람 추기경
20136927,90206.jpg,7.75,90206,워 오브 더 버튼 : 작은 영웅들
20136926,98738.jpg,8.07,98738,프란시스 하
20136925,162384.jpg,0.00,162384,에비던스
20136924,137948.jpg,8.38,137948,지젤
20136923,117252.jpg,4.65,117252,클럽포보스
20136922,97462.jpg,9.18,97462,포커페이스
20136921,87565.jpg,6.97,87565,에반게리온: Q
20136920,117272.jpg,6.29,117272,거짓말 섹스가 좋아2
20136919,66386.jpg,6.81,66386,최민수의 어쌔씬 코드
20136917,129711.jpg,7.11,129711,미녀전쟁
20136916,162052.jpg,0.00,162052,포스터
20136915,114601.jpg,0.00,114601,아버지의 마음은 바다와 같이 넓어라
20136914,155962.jpg,0.00,155962,위로
20136913,157574.jpg,0.00,157574,트랜스
20136910,91056.jpg,8.19,91056,태양의 서커스 월드 어웨이
20136909,102311.jpg,7.25,102311,더 이스트
20136906,101892.jpg,6.50,101892,위 스틸 시크릿 : 더 스토리 오브 위키리크스
20136905,158986.jpg,5.50,158986,더 홀
20136904,95432.jpg,7.00,95432,뚱보가 세상을 지배한다
20136903,148684.jpg,0.00,148684,걸즈 라이프
20136902,107926.jpg,0.00,107926,게이샤의 순정상실
20136895,90308.jpg,6.00,90308,가족초상화 (리덕스)
20136894,156437.jpg,0.00,156437,살인자
20136892,105880.jpg,7.24,105880,청야
20136891,54294.jpg,4.25,54294,백은제국
20136888,103760.jpg,7.13,103760,강남 1970
20136887,128251.jpg,10.00,128251,아메리칸 허슬
20136881,105290.jpg,5.50,105290,골디락스와 세 마리 곰
20136859,117278.jpg,0.00,117278,유부녀 감금일기
20136858,90947.jpg,5.76,90947,그래버스
20136857,141410.jpg,0.00,141410,오르가즘
20136856,117275.jpg,0.00,117275,유미코의 간호정사
20136855,117276.jpg,0.00,117276,조금야한옆집유부녀
20136854,105012.jpg,8.85,105012,책도둑
20136853,123435.jpg,1.36,123435,올드보이
20136852,121182.jpg,5.50,121182,줌 피시월드
20136851,120293.jpg,10.00,120293,놀랍도록 줄어든 사나이
20136850,141540.jpg,10.00,141540,소년병
20136848,54022.jpg,7.40,54022,지상 최고의 아빠
20136847,143414.jpg,0.00,143414,키세스
20136846,159771.jpg,0.00,159771,오카
20136845,97506.jpg,7.00,97506,클로즈드 시즌: 욕망의 계절
20136844,110366.jpg,10.00,110366,싱글 인 LA
20136843,114999.jpg,10.00,114999,성스러운 도로
20136842,113404.jpg,9.00,113404,용감무쌍
20136841,92595.jpg,4.50,92595,도너 패스
20136840,113154.jpg,10.00,113154,팔레르모의 결투
20136838,113131.jpg,0.00,113131,작은 국가
20136837,114998.jpg,10.00,114998,"82년 여름, 프랑크 자파가 시실리에 왔을 때"
20136836,74055.jpg,9.00,74055,도시 위에 군림하는 손
20136835,113127.jpg,6.50,113127,장군에게 총알을
20136834,113112.jpg,0.00,113112,사적 소유는 절도가 아니다
20136833,113124.jpg,0.00,113124,베르톨루치가 말하는 베르톨루치
20136832,114986.jpg,0.00,114986,신화속의 여인: 할리우드의 안나 마냐니
20136831,114992.jpg,0.00,114992,네오리얼리즘 강의
20136829,119266.jpg,5.50,119266,베니스 70 : 미래 재장전
20136828,105624.jpg,0.00,105624,베니스영화제 스케치
20136827,118211.jpg,0.00,118211,유리 에스포시토
20136814,96349.jpg,7.06,96349,화양: 당대최고수전
20136813,107036.jpg,7.11,107036,블라인드 디텍티브
20136812,95333.jpg,8.05,95333,더 울프 오브 월스트리트
20136810,36843.jpg,9.00,36843,러브액츄얼리: 크리스마스 에디션
20136809,117253.jpg,5.50,117253,수호지-신비술사
20136808,76463.jpg,4.33,76463,봉배도저
20136801,82342.jpg,7.65,82342,테라노바
20136800,76651.jpg,6.66,76651,넛잡: 땅콩 도둑들
20136799,96358.jpg,6.24,96358,21 앤드 오버
20136798,97926.jpg,7.71,97926,뮤지엄 아워스
20136796,154868.jpg,0.00,154868,우산
20136795,147406.jpg,0.00,147406,노말
20136793,142164.jpg,10.00,142164,로니
20136792,143416.jpg,0.00,143416,미드나잇 썬
20136791,101295.jpg,0.00,101295,저 여기 살았던 사람인데요
20136789,101296.jpg,0.00,101296,나는 시징이 좋아요 - 시징학교
20136788,85969.jpg,0.00,85969,1395일 간의 흑백
20136783,120053.jpg,8.02,120053,꼬마영웅 경찰차 프로디
20136782,83213.jpg,9.07,83213,월플라워
20136781,91060.jpg,7.56,91060,헬터 스켈터
20136780,77472.jpg,0.00,77472,돼지의 눈
20136778,97190.jpg,0.00,97190,이마무라 상점
20136777,91558.jpg,0.00,91558,손가락을 훔친 여자
20136776,117448.jpg,0.00,117448,카툰 네트워크 타이틀 ′팝콘′
20136771,161575.jpg,0.00,161575,룩
20136761,87216.jpg,7.82,87216,개구쟁이 스머프 2
20136750,160525.jpg,0.00,160525,호프
20136749,148853.jpg,0.00,148853,매듭
20136746,147901.jpg,0.00,147901,메타노이아
20136744,121104.jpg,0.00,121104,화이트 스완
20136743,148669.jpg,5.80,148669,오텔로
20136742,105298.jpg,8.22,105298,소명 하늘의 별
20136741,93002.jpg,8.36,93002,짱구는 못말려 극장판:태풍을 부르는 나와 우주의 프린세스
20136740,154231.jpg,0.00,154231,오피서 다운
20136739,117264.jpg,2.64,117264,비밀의 화방
20136738,82263.jpg,2.63,82263,스위치: 부춘산거도
20136737,102772.jpg,10.00,102772,캡처링 대디
20136736,91041.jpg,8.04,91041,초원의 왕 도제
20136735,100829.jpg,9.23,100829,하루살이
20136733,117444.jpg,0.00,117444,병 속 인생
20136732,136687.jpg,7.88,136687,소원
20136731,161205.jpg,9.10,161205,눈
20136730,162330.jpg,0.00,162330,드림
20136725,70701.jpg,9.22,70701,유리병
20136724,143556.jpg,0.00,143556,오후
20136723,51927.jpg,9.20,51927,아빠하고 나하고
20136722,72595.jpg,7.75,72595,로고라마
20136721,105598.jpg,0.00,105598,신혼 부부 러브 다이어리 4-러브 포에버
20136719,116045.jpg,0.00,116045,더 링어
20136717,99974.jpg,0.00,99974,오브라스
20136716,162747.jpg,0.00,162747,딕스
20136707,159321.jpg,0.00,159321,애플 파이
20136706,92702.jpg,0.00,92702,서킷 마린
20136704,87715.jpg,8.17,87715,플라잉 머신 3D
20136370,124339.jpg,10.00,124339,레고 : 히어로 팩토리
20136366,154374.jpg,0.00,154374,재회
20136365,104819.jpg,0.00,104819,하나츠미-그녀의 꽃망울
20136364,105597.jpg,7.00,105597,신혼 부부 러브 다이어리 3-트리플 러브
20136363,106049.jpg,3.00,106049,귀 파는 여자
20136362,75319.jpg,7.45,75319,메스카다
20136361,102938.jpg,8.14,102938,포에버 스트롱
20136359,118876.jpg,9.75,118876,어리석게 죽는 방법
20136358,118875.jpg,0.00,118875,개들이 삶을 마감하는 곳
20136356,109397.jpg,0.00,109397,우유가 필요해
20136355,92549.jpg,7.79,92549,돈 존
20136354,71624.jpg,8.61,71624,카라스: 레블레이션
20136353,84130.jpg,7.05,84130,분노의 파이터
20136348,111675.jpg,10.00,111675,쪽지
20136344,133641.jpg,0.00,133641,곰인형
20136342,83865.jpg,8.52,83865,초한지: 영웅의 부활
20136341,99766.jpg,8.52,99766,대상해
20136337,102648.jpg,7.40,102648,잭 라이언 : 코드네임 쉐도우
20136336,159287.jpg,0.00,159287,아!
20136335,118117.jpg,0.00,118117,그놈의 피
20136334,118120.jpg,0.00,118120,팻보이
20136331,113869.jpg,6.63,113869,섹스중독자들
20136330,155117.jpg,1.00,155117,불륜의 맛
20136324,43111.jpg,3.56,43111,러브 에듀케이션
20136323,159037.jpg,10.00,159037,메아리
20136321,136542.jpg,4.79,136542,셔틀콕
20136319,157759.jpg,0.00,157759,나의 길
20136316,120199.jpg,5.57,120199,삼각지대
20136314,150169.jpg,10.00,150169,아웃캐스트
20136312,109200.jpg,7.85,109200,아빠를 빌려드립니다
20136310,152869.jpg,0.00,152869,할아버지
20136309,125793.jpg,10.00,125793,Recollect
20136308,149629.jpg,9.85,149629,비행기
20136307,117248.jpg,4.93,117248,롤플레이2 : 동침
20136306,75312.jpg,7.44,75312,오르가즘 다이어리
20136305,156108.jpg,0.00,156108,빈집
20136297,110926.jpg,6.27,110926,해피엔딩 네버엔딩
20136296,74609.jpg,6.54,74609,투 더 원더
20136295,103776.jpg,8.26,103776,천주정
20136294,98506.jpg,7.31,98506,진저 앤 로사
20136293,103184.jpg,7.50,103184,아들의 자리
20136292,98432.jpg,8.83,98432,"가장 따뜻한 색, 블루"
20136291,71671.jpg,7.45,71671,여자가 사랑할때
20136290,103868.jpg,8.07,103868,베일을 쓴 소녀
20136289,107937.jpg,8.02,107937,아무도 머물지 않았다
20136288,96012.jpg,6.53,96012,월드 워 좀비
20136287,114143.jpg,10.00,114143,햇살댄스 프로젝트 ver. 티벳
20136281,104859.jpg,6.70,104859,모래가 흐르는 강
20136275,92134.jpg,8.68,92134,윔피 키드 3 : 도그 데이즈
20136274,142122.jpg,0.00,142122,유괴
20136273,51811.jpg,5.50,51811,유브라즈
20136272,72059.jpg,7.13,72059,유어 하이니스
20136269,94315.jpg,0.00,94315,단풍나무 뉴타운
20136267,31503.jpg,0.00,31503,달콤한 중매쟁이
20136264,33874.jpg,0.00,33874,닻을 올리고
20136263,71602.jpg,5.00,71602,대내밀탐령령구
20136262,53081.jpg,6.00,53081,대수사지녀
20136259,140308.jpg,0.00,140308,더 네일
20136257,88476.jpg,8.05,88476,럭키 원
20136256,78288.jpg,0.00,78288,음란 가정부 나나미
20136255,79874.jpg,7.52,79874,리버 와이
20136254,78148.jpg,2.00,78148,음란 도쿄걸
20136249,134842.jpg,8.43,134842,뉴 맨
20136248,125816.jpg,4.10,125816,이쁜이
20136247,86510.jpg,5.41,86510,더 데빌 인사이드
20136246,70785.jpg,9.33,70785,뗄르망 프로쉬
20136245,74830.jpg,7.81,74830,"로맨틱 무브먼트, 서울"
20136244,135410.jpg,0.00,135410,이웃집 여자의 소리 2
20136243,29996.jpg,9.25,29996,이중배상
20136241,132429.jpg,0.00,132429,이지 A
20136240,76351.jpg,6.33,76351,이지어 위드 프랙티스
20136239,162310.jpg,0.00,162310,더 스톰
20136237,81942.jpg,0.00,81942,더 웨스트 위터링 어페어
20136236,158778.jpg,0.00,158778,리벤지
20136235,102022.jpg,0.00,102022,더 라스트 메리드 커플 인 아메리카
20136234,69976.jpg,5.04,69976,데드 캠프 3
20136233,90613.jpg,3.68,90613,데드 캠프4
20136232,123683.jpg,0.00,123683,인터셉터
20136229,139720.jpg,4.80,139720,인트루더스
20136227,10623.jpg,7.88,10623,잃어버린 전주곡
20136226,71585.jpg,7.41,71585,데스레이스2
20136225,61530.jpg,9.67,61530,데스티네이션 도쿄
20136214,11452.jpg,8.08,11452,독수리 착륙하다
20136213,146193.jpg,8.24,146193,독재자
20136211,104879.jpg,3.75,104879,고혹자-가두지왕
20136208,32209.jpg,9.38,32209,돌아온 이탈자 2
20136207,118375.jpg,7.95,118375,돌핀 테일
20136206,145157.jpg,0.00,145157,동급생의 비밀섹스
20136205,26749.jpg,6.00,26749,동물적 본능 3
20136204,81595.jpg,6.00,81595,돈키
20136203,118377.jpg,7.97,118377,드라큘라
20136202,126083.jpg,5.27,126083,테이크다운
20136201,118377.jpg,7.97,118377,드라큘라
20136190,160349.jpg,0.00,160349,왓치
20136189,75472.jpg,7.03,75472,요기 베어
20136188,76194.jpg,7.00,76194,요쿠르트 아줌마
20136186,161364.jpg,0.00,161364,우리들만의 집
20136185,85688.jpg,3.00,85688,지상에서 영원으로 2
20136184,50661.jpg,9.50,50661,우리들의 사랑스런 8월
20136183,149495.jpg,0.00,149495,우주비행사
20136182,13507.jpg,8.60,13507,움베르토 D
20136181,151944.jpg,0.00,151944,워킹 데드
20136179,140389.jpg,0.00,140389,원더러스트
20136178,76793.jpg,10.00,76793,원스 어 갱스터
20136177,113654.jpg,7.00,113654,원스 어폰 어 타임 인 뭄바이
20136176,40190.jpg,8.28,40190,원피스 극장판 1기: 황금의 대해적 우난
20136175,40130.jpg,8.45,40130,원피스 극장판 2기: 네지마키섬의 모험
20136173,40132.jpg,9.50,40132,원피스 극장판 4기: 데드엔드의 모험
20136172,66501.jpg,8.06,66501,원피스 극장판 8기: 사막의 공주와 해적들
20136171,47099.jpg,9.16,47099,원피스 극장판 9기: 에피소드 오브 쵸파
20136170,19441.jpg,7.67,19441,월터의 선택
20136169,16352.jpg,6.67,16352,위대한 챔피언
20136168,74915.jpg,10.00,74915,위드아웃 어 패들 2
20136167,156658.jpg,0.00,156658,위험한 남자
20136166,67249.jpg,3.00,67249,윈터 오브 프로즌 드림스
20136165,158986.jpg,5.50,158986,윔피 키드
20136164,76453.jpg,9.10,76453,윔피 키드 2
20136141,86385.jpg,8.54,86385,내 남자 사용법
20136140,145154.jpg,0.00,145154,내일의 숀
20136139,94849.jpg,9.50,94849,내추럴 우먼
20136138,149698.jpg,0.00,149698,송 포 유
20136137,136362.jpg,0.00,136362,넉 아웃
20136136,28927.jpg,4.00,28927,네가 죽을 것을 잊지마라
20136133,94847.jpg,4.00,94847,네이키드 휴먼 네이처
20136132,150548.jpg,0.00,150548,노 웨이 아웃
20136130,34398.jpg,5.68,34398,노틀담의 꼽추
20136129,142223.jpg,0.00,142223,누가 밤비를 죽였나?
20136128,10347.jpg,6.23,10347,누가 버지니아 울프를 두려워 하랴
20136127,11238.jpg,8.50,11238,누명 쓴 사나이
20136126,151282.jpg,9.53,151282,눈물
20136125,82745.jpg,7.92,82745,뉴욕의 연인들
20136103,137963.jpg,7.78,137963,퍼펙트 데이
20136102,79446.jpg,8.00,79446,왓츠 유어 넘버
20136101,65962.jpg,6.88,65962,와일드 씽 3
20136100,115226.jpg,0.00,115226,곡상녀
20136099,118861.jpg,9.00,118861,할리마의 길
20136098,101898.jpg,8.19,101898,오스카 그랜트의 어떤 하루
20136097,118860.jpg,8.33,118860,로치데일 최고의 작은 유곽
20136096,115218.jpg,9.00,115218,야마모리 클립공장
20136095,89364.jpg,8.50,89364,현수 이야기
20136996,88168.jpg,0.00,88168,인어의 피
20136995,87585.jpg,6.27,87585,편견
20136994,90741.jpg,10.00,90741,맴맴맴
20136993,138113.jpg,0.00,138113,매직 아워
20136992,150764.jpg,0.00,150764,느리게
20136990,133683.jpg,0.00,133683,낫 투데이
20136989,93702.jpg,10.00,93702,블루 라이크 재즈
20136988,105795.jpg,0.00,105795,파더 오브 라이츠
20136862,92068.jpg,7.27,92068,론 레인저
20136860,93736.jpg,7.63,93736,극장판 가면라이더 VS 파워레인저 슈퍼히어로 대전
20136621,160099.jpg,0.00,160099,콜렉션
20136618,126757.jpg,6.67,126757,소녀 배달부
20136616,162633.jpg,0.00,162633,She
20136615,100098.jpg,7.46,100098,플래티나 데이터
20136611,118784.jpg,0.00,118784,마트 옆 시장
20136545,105704.jpg,10.00,105704,BEYOND THE WALL
20136544,99048.jpg,0.00,99048,가난뱅이의 역습
20136543,100301.jpg,9.00,100301,"저를 보내지 마세요, 제발"
20136542,99323.jpg,0.00,99323,차르... 국경 위의 섬
20136541,78410.jpg,0.00,78410,아민
20136540,162112.jpg,0.00,162112,시에스타
20136470,151124.jpg,0.00,151124,엘리펀트
20136468,93015.jpg,7.25,93015,42일간의 기적
20136467,118687.jpg,2.13,118687,크레이지 샤크
20136466,105825.jpg,0.00,105825,기동부대: 인성
20136465,52561.jpg,6.00,52561,기동부대: 절로
20136462,102065.jpg,3.75,102065,슈가박스
20136461,88389.jpg,6.50,88389,로날 더 바바리언
20136390,104276.jpg,0.00,104276,디토네이터
20136389,154886.jpg,6.50,154886,달인
20136388,145699.jpg,0.00,145699,키스 미
20136386,123389.jpg,8.87,123389,딜레마
20136385,162338.jpg,0.00,162338,디펜더
20136384,49634.jpg,3.29,49634,딥 블루 씨: 크라켄
20136304,152851.jpg,0.00,152851,부재중
20136303,103887.jpg,0.00,103887,드림걸
20136302,77671.jpg,7.43,77671,컬러드 걸스
20136301,152221.jpg,10.00,152221,배드 블러드
20136300,158900.jpg,0.00,158900,그때 그시절
20136298,102216.jpg,8.67,102216,행복한 사전
20136223,78364.jpg,5.15,78364,신검전설
20136222,154862.jpg,0.00,154862,그들은 희생양이다
20136220,94209.jpg,0.00,94209,도구라마구라
20136219,88461.jpg,8.30,88461,위대한 개츠비
20136218,52758.jpg,0.00,52758,독스 브렉퍼스트
20136122,158050.jpg,4.50,158050,다윗과 골리앗
20136121,158304.jpg,0.00,158304,다이
20136107,115181.jpg,9.00,115181,광기가 우리를 갈라놓을 때까지
20136106,114149.jpg,6.67,114149,떠돌이 개
20136105,115242.jpg,0.00,115242,리모트 콘트롤
20136104,72390.jpg,7.18,72390,와일드 체리
20136089,106829.jpg,0.00,106829,티토와 함께
20136088,100759.jpg,8.00,100759,리우 2096
20136086,118858.jpg,0.00,118858,다마고치 심폐소생술
20136085,118857.jpg,6.25,118857,SF 가는 길
20136084,118856.jpg,0.00,118856,메이드 인 동대문
20136082,80469.jpg,8.29,80469,옹박키즈
20136080,118855.jpg,0.00,118855,두 개의 초록색 정물
20136079,145491.jpg,0.00,145491,파키
20136078,114918.jpg,0.00,114918,시마
20136077,118854.jpg,8.00,118854,나쁜 연기
20136075,118852.jpg,8.33,118852,우리순이
20136074,118825.jpg,9.00,118825,나는 세계평화를 꿈꾼다
20136073,118824.jpg,0.00,118824,작은방
20136072,118823.jpg,4.22,118823,썩은 콩
20136071,160923.jpg,0.00,160923,단편선
20136069,118849.jpg,6.75,118849,두물머리
20136068,146529.jpg,8.33,146529,히말라야
20136067,89819.jpg,10.00,89819,바카라
20136064,102817.jpg,8.27,102817,해적: 바다로 간 산적
20136063,112041.jpg,6.26,112041,순수의 시대
20136062,153354.jpg,0.00,153354,하이힐
20136061,132787.jpg,7.00,132787,결혼전야
20136059,158862.jpg,0.00,158862,히어로
20136058,104494.jpg,6.61,104494,무서운 이야기 2
20136057,94897.jpg,7.92,94897,소수의견
20136056,54415.jpg,3.25,54415,에일리언 vs 헌터
20136055,94942.jpg,5.75,94942,에이지 오브 더 드래곤
20136054,39133.jpg,0.00,39133,에피데믹
20136053,32912.jpg,7.16,32912,엘 마리아치
20136052,99794.jpg,8.26,99794,더 테러 라이브
20136051,79842.jpg,5.93,79842,여배우와 만나고 싶다
20136047,75462.jpg,3.75,75462,엽기 캠퍼스 3
20136046,84855.jpg,7.15,84855,영 어덜트
20136045,94822.jpg,0.00,94822,옆집 여자 미도리
20136044,156553.jpg,0.00,156553,오스카
20136043,103222.jpg,8.10,103222,신이 보낸 사람
20136042,160053.jpg,0.00,160053,비밀작전
20136041,12428.jpg,8.36,12428,옥스보우 인서던트
20136040,135979.jpg,0.00,135979,온 디 인사이드
20136035,34529.jpg,9.13,34529,그레이트 왈도 페퍼
20136034,157442.jpg,0.00,157442,그로운업스
20136033,160540.jpg,0.00,160540,그린리버
20136032,40213.jpg,9.43,40213,극장판 이누야샤 3 : 천하 패도의 검
20136031,43574.jpg,9.38,43574,극장판 이누야샤 4 - 홍련의 봉래도
20136028,94212.jpg,7.00,94212,기관차 야에몽
20136026,125318.jpg,8.50,125318,기동전사 건담 UC
20136025,47951.jpg,4.73,47951,쥬라기 타임트랙
20136023,82947.jpg,0.00,82947,디아더 사이드 오브 더 트랙스
20136022,159723.jpg,0.00,159723,길다
20136021,75592.jpg,8.67,75592,까르틱 콜링 까르틱
20136020,94213.jpg,10.00,94213,꼬마 감독 이안
20136019,94505.jpg,6.00,94505,꼬마네꼬 크리스마스 스페셜 : 잃어버린 선물
20136018,159108.jpg,10.00,159108,꿈
20136016,102931.jpg,7.94,102931,태아 3D
20136015,104890.jpg,6.50,104890,두 미 러브
20136013,101202.jpg,6.63,101202,끈이론
20136011,96968.jpg,8.94,96968,극장판 나루토 질풍전
20136010,50369.jpg,8.55,50369,나루토 질풍전 극장판 2: 인연
20136009,152335.jpg,9.00,152335,나쁜여자
20136008,104617.jpg,0.00,104617,테라 메라 키 리쉬타
20136007,143078.jpg,0.00,143078,나의 속마음
20136005,24930.jpg,5.60,24930,나홀로PC
20136003,69308.jpg,5.24,69308,슬리퍼리 슬로프
20136000,118850.jpg,9.14,118850,레드 툼
20135999,145414.jpg,5.69,145414,트릭
20135997,140253.jpg,8.20,140253,집으로
20135996,110649.jpg,8.33,110649,드래프트 데이
20135995,118848.jpg,9.05,118848,사려 깊은 밤
20135994,118831.jpg,10.00,118831,"리어카, 도둑"
20135993,161333.jpg,1.00,161333,수업
20135992,118827.jpg,9.50,118827,그림자 소녀
20135991,114841.jpg,9.90,114841,꽃피는 철길
20135990,98720.jpg,7.00,98720,욕망의 코스프레
20135989,155125.jpg,10.00,155125,가족의 탄생
20135988,70655.jpg,7.49,70655,아멜리에 : 하늘을 사랑한 여인
20135986,157737.jpg,0.00,157737,감옥
20135984,13616.jpg,9.42,13616,아버지의 황혼
20135983,89820.jpg,0.00,89820,아빠 구출 대작전
20135982,155605.jpg,0.00,155605,아우라
20135981,148433.jpg,0.00,148433,아웃포스트
20136901,106561.jpg,4.00,106561,미히로의 19금 강좌
20136900,113862.jpg,5.50,113862,뱀파이어 독
20136899,153484.jpg,8.00,153484,브레이크 아웃
20136898,101022.jpg,0.00,101022,"블레스 미, 울티마"
20136896,97711.jpg,7.84,97711,에프
20136863,118974.jpg,6.66,118974,마담 뺑덕
20136807,117094.jpg,5.74,117094,특수경찰: 스페셜 ID
20136806,104936.jpg,8.36,104936,마테호른
20136805,118652.jpg,8.15,118652,파가니니: 악마의 바이올리니스트
20136804,157745.jpg,6.00,157745,아버지
20136803,157404.jpg,5.50,157404,겨울왕국
20136802,160516.jpg,0.00,160516,카트
20136703,82069.jpg,4.16,82069,플레이백
20136702,154391.jpg,9.25,154391,레오나르도
20136701,108248.jpg,0.00,108248,애플 몽키
20135980,18925.jpg,8.33,18925,아일랜드의 연풍
20135979,35572.jpg,0.00,35572,아임 고너 깃 유 서카
20135978,75713.jpg,8.26,75713,아트 오브 겟팅 바이
20135977,84245.jpg,8.69,84245,아프리칸 캣츠
20135976,119870.jpg,1.00,119870,악령의 저주
20135975,31426.jpg,7.68,31426,안달루시아의 개
20135971,86037.jpg,0.00,86037,얼음나무
20135970,95074.jpg,0.00,95074,아이쿠 아이쿵!
20135968,53848.jpg,7.11,53848,어게인스트 더 커런트
20135967,81220.jpg,8.06,81220,어나더 어스
20135966,117547.jpg,0.00,117547,어린 에츠코의 고민
20135965,92392.jpg,0.00,92392,리틀 테일러
20135964,136055.jpg,0.00,136055,어웨이데이즈
20135963,151543.jpg,0.00,151543,언더그라운드
20135962,79422.jpg,8.45,79422,엄청나게 시끄럽고 믿을 수 없게 가까운
20135961,52586.jpg,6.33,52586,개구쟁이 데니스의 크리스마스
20135960,30547.jpg,8.18,30547,거대한 환상
20135959,127829.jpg,0.00,127829,거상의 길
20135958,71075.jpg,6.93,71075,그곳에선 아무도 거짓말을 하지 않는다
20135957,24912.jpg,6.00,24912,거프만을 기다리며
20135956,72058.jpg,8.65,72058,검은 백조
20135955,61385.jpg,1.00,61385,겐로쿠 주신구라
20135954,88248.jpg,5.51,88248,겟 썸2
20135953,71543.jpg,6.00,71543,겟 로우
20135952,72256.jpg,6.90,72256,컴 백 록스타
20135951,156452.jpg,1.00,156452,겨울
20135949,20320.jpg,8.30,20320,결단의 3:10
20135948,34778.jpg,8.67,34778,고 피쉬
20135947,122269.jpg,0.00,122269,고스트 이미지
20135946,120076.jpg,9.03,120076,고스트 메신저 극장판
20135945,155613.jpg,0.00,155613,고잉 더 디스턴스
20135944,140300.jpg,10.00,140300,고잉 인 스타일
20135943,84421.jpg,7.57,84421,유다의 사자 : 부활절 대모험
20135942,102922.jpg,6.63,102922,돌핀 : 꿈꾸는 다니엘의 용감한 모험
20135941,102486.jpg,2.14,102486,아메리카파이: 19금 여배우들
20135939,118846.jpg,10.00,118846,하소연
20135938,118844.jpg,9.00,118844,이상한 나라의 김민수
20135937,118842.jpg,0.00,118842,옥상탈출
20135936,107962.jpg,9.85,107962,바람
20135935,118840.jpg,9.25,118840,수제앨범
20135934,118826.jpg,7.00,118826,사분의 오
20135933,118847.jpg,0.00,118847,해외 직배송 박스 개봉기
20135932,78940.jpg,7.20,78940,위기의 남자들
20135931,118841.jpg,9.50,118841,여보세요
20135930,118828.jpg,10.00,118828,다리의 숲
20135929,90001.jpg,8.29,90001,원트 백 다운
20135928,118834.jpg,8.00,118834,멜로영화
20135927,112433.jpg,6.50,112433,예술수업
20135926,140868.jpg,3.71,140868,방과 후
20135923,135822.jpg,8.93,135822,막
20135922,117245.jpg,4.00,117245,전망 좋은 하우스 - 관음적 욕망
20135919,69865.jpg,7.69,69865,완전범죄 프로젝트
20135918,105973.jpg,6.07,105973,킬 좀비
20135917,105274.jpg,10.00,105274,"그늘아래, 28도"
20135916,108863.jpg,0.00,108863,플래쉬 몹 같은 내 생일
20135915,118412.jpg,6.27,118412,서울연애
20135914,126770.jpg,8.67,126770,뎀프시롤: 참회록
20135913,109603.jpg,0.00,109603,골말
20135912,80631.jpg,8.44,80631,곰돌이 푸
20135911,71704.jpg,7.80,71704,공각기동대 S.A.C - 2nd Gig
20135909,97899.jpg,8.36,97899,공각기동대 S.A.C The Laughing Man
20135907,92124.jpg,5.95,92124,브로큰 시티
20135905,71419.jpg,5.51,71419,곽부성의 살인범
20135903,73526.jpg,6.00,73526,맨티코어
20135902,98306.jpg,0.00,98306,구두닦이
20135901,129518.jpg,0.00,129518,굿바이 걸
20135899,130061.jpg,0.00,130061,춘곤증
20135898,97820.jpg,7.86,97820,별일아니다
20135893,115026.jpg,0.00,115026,경계를 넘다
20135892,106100.jpg,0.00,106100,천사가 되려면
20135891,118859.jpg,7.27,118859,밀양전
20135890,162638.jpg,0.00,162638,아이 미스 유
20135889,122233.jpg,0.00,122233,포 모어 이어즈
20135888,150707.jpg,0.00,150707,해피 엔드
20135887,105691.jpg,0.00,105691,스톡홀름 이스트
20135886,104872.jpg,6.00,104872,올로프 팔메
20135885,52376.jpg,6.59,52376,가유희사 2009
20135884,45637.jpg,8.09,45637,가늘고 푸른선
20135883,32572.jpg,5.33,32572,SFW
20135882,76884.jpg,9.75,76884,아메리칸 슬립오버
20135881,72292.jpg,1.25,72292,아마겟돈: 카운트다운
20135880,154729.jpg,0.00,154729,파일럿
20135879,91266.jpg,7.92,91266,소중한 유산
20135872,10428.jpg,7.50,10428,애정과 욕망
20135871,81221.jpg,7.00,81221,저 높은 곳을 향하여
20135870,132710.jpg,0.00,132710,어둠 속에서
20135868,101232.jpg,7.00,101232,에이미를 위한 사랑
20135867,101207.jpg,9.00,101207,하트 오브 더 비홀더
20135864,162115.jpg,0.00,162115,엘카미노
20135862,12416.jpg,8.50,12416,여인의 계단
20135860,111896.jpg,0.00,111896,한여름 밤의 꿈
20135859,138942.jpg,0.00,138942,프리티 쿨
20135858,87701.jpg,10.00,87701,연옥
20135857,81443.jpg,9.50,81443,오드 걸 아웃
20135855,69136.jpg,9.50,69136,올드 맨 인 뉴 카
20135854,73444.jpg,4.11,73444,우주전쟁 제로
20135853,93411.jpg,0.00,93411,웰컴 투 매킨토시 : 애플의 역사와 숨겨진 뒷 이야기
20135852,158858.jpg,0.00,158858,월드 인
20135850,94861.jpg,6.90,94861,위험한 휴가
20135849,153599.jpg,0.00,153599,윈 윈
20135848,74005.jpg,6.83,74005,유 어게인
20135847,75486.jpg,9.65,75486,극장판 은혼 : 신역홍앵편
20135845,65172.jpg,5.85,65172,딥 윈터
20135842,127374.jpg,8.62,127374,아서
20135841,118971.jpg,7.27,118971,핫 터브 타임 머신
20135838,75741.jpg,6.39,75741,테레사 팔머의 감금
20135837,118114.jpg,9.03,118114,꼬마마녀 요요와 네네
20135836,117316.jpg,0.00,117316,금지된 목소리
20135835,117311.jpg,0.00,117311,돌아보는 사람들
20135834,117317.jpg,0.00,117317,옆집 아이
20135833,101865.jpg,5.00,101865,푸시 라이엇: 어 펑크 프레이어
20135832,103600.jpg,8.00,103600,걸 라이징
20135831,117312.jpg,9.00,117312,두 개이지 않은 성
